5.179209955540321486e-01 4.328132133125769943e-01 4.328012962717785461e-01 1.130473520046124225e+00 2.062295063597467060e+00 1.546514422103526076e+00
5.890372751914109140e-01 4.578276969209799652e-01 4.578203289209111793e-01 1.081185120992210313e+00 2.355238182676723024e+00 1.694160549594665000e+00
5.306314357702137663e-01 4.296229721387888056e-01 4.296158356187447791e-01 1.150815964705949268e+00 2.298852077651113213e+00 1.693247950115063682e+00
5.485674601249370674e-01 4.535993654103972483e-01 4.535939679122146240e-01 1.149153927450166535e+00 2.942377788886626711e+00 1.507712382425109077e+00
5.265279050044668896e-01 4.393539465375831954e-01 4.393446060687967725e-01 1.216985096640828212e+00 2.166521122834255131e+00 1.377013940883713650e+00
5.286610412178904816e-01 4.337189629282791059e-01 4.337115094788847602e-01 1.177875306804462952e+00 2.852517604356381575e+00 1.487834547920459993e+00
5.829779829255403722e-01 4.996285567044417286e-01 4.996205126122415519e-01 1.086203523750972622e+00 1.691476917240809996e+01 1.222171087642241138e+00
5.781780058253798149e-01 4.914721907754635577e-01 4.914626987591624863e-01 1.041499849783579457e+00 1.279254742551932544e+01 1.376553957236751558e+00
5.459784418780685433e-01 4.531544322772091959e-01 4.531466474575559511e-01 1.040545037750210122e+00 1.032314652408620503e+01 1.561094200874669324e+00
5.090482930299359277e-01 4.108287573623299327e-01 4.108268175230653241e-01 1.007913924318804888e+00 3.554535643987075133e+01 1.447823217721253330e+00
5.154385033509968350e-01 4.329181240767100980e-01 4.329072253400567116e-01 1.083500614942640050e+00 7.273934028686977804e+00 1.372970971619360991e+00
5.330742985708943893e-01 4.354677202735614538e-01 4.354611615525023072e-01 1.149107218402031450e+00 2.225052927115834578e+00 1.631625355412381406e+00
5.673318230675783447e-01 4.692270834764137866e-01 4.692211309334964886e-01 1.156370852698603846e+00 2.636346769728531658e+00 1.521535798582937415e+00
5.748958045036488551e-01 4.938938424056909526e-01 4.938869097260761842e-01 1.096220811347850432e+00 1.824882438298423004e+00 1.500575488046546502e+00
5.388376833579834324e-01 4.428124209914179876e-01 4.428005769813553871e-01 1.171342937822277497e+00 2.186252368941822066e+00 1.710339667263686803e+00
5.366637169080827885e-01 4.294299446720790669e-01 4.294252552696622982e-01 1.058069902227924519e+00 3.566798411921783440e+01 1.420232153073150094e+00
5.429713260734881919e-01 4.693462126231169318e-01 4.693411175016288239e-01 1.262525899740919222e+00 2.862065035388489775e+00 1.589762341200202656e+00
5.603889976646430071e-01 4.698229532123709973e-01 4.698134680974707655e-01 1.174245872878478592e+00 3.527459304991460876e+00 1.734696651456014926e+00
6.153302750371985042e-01 5.182970588661237610e-01 5.182873225231712233e-01 1.160626966972814866e+00 2.807344696548714769e+00 1.574633181657125958e+00
5.535805914679472473e-01 4.710363138318641729e-01 4.710326182965353659e-01 1.119800586161546097e+00 2.710773176635837611e+00 1.458652745270528461e+00
5.598439316157265422e-01 4.598955925274031409e-01 4.598828226621108350e-01 1.233022296060580780e+00 3.358176942858432046e+00 1.478686375523411201e+00
5.804711498683843285e-01 4.766053843501384946e-01 4.765938985748473522e-01 1.107307310128634148e+00 2.192174444681072476e+00 1.461230453370746751e+00
5.536168174818557608e-01 4.695147811874387789e-01 4.695098342342995390e-01 1.097862478670874609e+00 1.158486530341419352e+00 1.615568933984115496e+00
5.475475183721225658e-01 4.589611107470045193e-01 4.589539808240007401e-01 1.134490000894159856e+00 2.219987162818866100e+00 1.585593995314703131e+00
5.404435077256132258e-01 4.566568596852733641e-01 4.566360261267255471e-01 1.165909537167022947e+00 2.997474804794585612e+00 1.457175858587666628e+00
5.409795302587576682e-01 4.397618588495414982e-01 4.397464557077867542e-01 1.178291380120906950e+00 4.764778639193080423e+00 1.476585088889700081e+00
5.779820075408308444e-01 4.601269066759866577e-01 4.601130761227102406e-01 1.272708337144471402e+00 2.806009843468353360e+00 1.488846377074514837e+00
5.512303709323777001e-01 4.413928798727809188e-01 4.413817087033494735e-01 1.093057020686449388e+00 3.774892765723532051e+00 1.650692703794383709e+00
5.438879945911410108e-01 4.647238202378525807e-01 4.647223717477438898e-01 1.001390196032471813e+00 8.894038845140263660e+00 1.571519237320050166e+00
5.833560642994839451e-01 4.795494317280180052e-01 4.795415895390200411e-01 1.129336833543493901e+00 1.450005238332950697e+00 1.484491288708866152e+00
