5.327171771414537238e-01 4.591441162731184633e-01 4.596098003498982898e-01 1.001682383583267111e+00 1.137450264713413439e+01 1.904378027970912379e+00
5.415045365004667044e-01 4.622946443617150791e-01 4.638915329270359988e-01 1.379171101638986263e+00 1.987497618515939868e+00 1.099826669554764935e+00
5.513604928408640804e-01 4.789866505839239785e-01 4.806538291786712214e-01 1.255256820307011578e+00 5.148972288449292556e+00 1.419606442993073037e+00
5.745640584819133867e-01 5.012787577607816791e-01 5.023777228925243588e-01 1.466268029348089197e+00 1.865295539946300263e+00 1.467354285339992792e+00
5.177519814679190091e-01 4.458918750396075881e-01 4.465580515005467266e-01 1.484207482583833615e+00 2.951550710064037908e+00 1.460044198760852341e+00
4.827051921924796485e-01 4.274732491973624038e-01 4.288810490070372183e-01 1.249311755304061577e+00 4.740544044060350792e+00 1.193738840306139082e+00
5.057075905487677936e-01 4.304625001072116541e-01 4.316833511814002211e-01 1.424222126663198251e+00 1.445821482082330078e+01 1.130150797726923839e+00
5.230584022895092833e-01 4.601783853572677385e-01 4.618948274640193863e-01 1.257758085079971444e+00 1.847961226101895615e+00 1.363181847504606248e+00
5.295532801478162188e-01 4.661031745074213362e-01 4.663089154357619726e-01 1.305748295420892102e+00 1.675327187650625049e+00 1.588508706890475519e+00
5.505452099688568079e-01 4.936883444813115474e-01 4.919533292853865425e-01 1.571483216765135360e+00 4.234396247412818504e+00 1.129705147386070641e+00
4.686905303240553322e-01 3.950706222640558707e-01 3.962180512855590364e-01 1.582686473683535100e+00 1.577265442472960411e+00 1.051061716164207516e+00
5.694283177744741131e-01 4.767443315491545763e-01 4.774642571253873702e-01 1.541377236949357465e+00 2.269874304106684004e+00 1.269650916664911700e+00
5.221967501377613452e-01 4.543943269704767696e-01 4.539268107038498257e-01 1.502427292797854586e+00 2.742259913753998024e+00 1.287687588475689315e+00
5.089841358823858908e-01 4.302872081379152669e-01 4.305344460033435627e-01 1.141813653443606302e+00 2.729240578306267651e+00 1.495816428238770701e+00
5.462432691086309688e-01 4.665285101650359922e-01 4.668209126962185040e-01 1.146946997462251705e+00 2.703201691772754600e+00 1.568223830589338785e+00
5.298848830184530456e-01 4.698598091254740372e-01 4.684234332658610556e-01 1.540806372618434006e+00 4.249004089186024125e+00 1.485988664001085757e+00
4.838230796584321314e-01 4.134256217213182483e-01 4.128836432654878763e-01 1.441769220691648590e+00 1.402062377751653877e+00 1.014113051572865798e+00
5.030819341380377008e-01 4.303786002919788856e-01 4.319006714614988529e-01 1.604970689614047874e+00 2.562096652651980389e+00 1.252964275041505982e+00
5.194668064745715519e-01 4.404881373990317539e-01 4.426383788290760291e-01 1.275447080758455254e+00 7.083383388739677322e+00 1.418554803756113536e+00
5.349848987516976351e-01 4.613393347951657564e-01 4.614008323783365118e-01 1.469247673546732802e+00 2.602189988139128385e+00 1.528645769465239113e+00
5.209509647926461318e-01 4.443165479980707433e-01 4.434727707984015832e-01 1.273400497183152735e+00 2.737205675840343133e+00 1.328924182950314448e+00
4.715861591051120905e-01 4.166183981423018934e-01 4.153510786781923203e-01 1.141705384868860529e+00 2.534588865252334511e+00 1.449468914421710553e+00
5.346018243517268731e-01 4.485361723172446857e-01 4.496166821654021262e-01 1.136163488838351387e+00 2.393014471860666958e+00 1.167886903914219010e+00
5.131312099665126247e-01 4.463925012278570637e-01 4.442286873938812719e-01 1.217021331448225219e+00 2.646420903005073377e+00 1.335692117237417209e+00
5.178746191430183554e-01 4.423168730896097633e-01 4.423676906552007071e-01 1.177806936781902181e+00 2.735472348817418631e+00 1.580302576145664606e+00
5.045460062052041783e-01 4.280949081643222187e-01 4.303815219872092479e-01 1.221847827817677645e+00 3.843440965526748965e+00 1.435276026605756705e+00
5.956766846756710310e-01 5.285397319586855325e-01 5.279634200551841516e-01 1.715495063432544542e+00 3.559364931428621315e+00 1.295421962722177023e+00
5.027738722052429443e-01 4.337031044381561284e-01 4.327815445560004304e-01 1.470979716672983661e+00 4.458126186502327393e+00 1.191219270211822279e+00
5.011511112087160269e-01 4.343876049137239681e-01 4.347003627504079093e-01 1.135951660408262232e+00 7.394821949180538923e+01 1.257605368540628099e+00
5.661404762486610398e-01 5.030079734315959783e-01 5.035164356743089265e-01 1.097700857013266251e+00 3.566119595125258890e+00 1.120710047547894161e+00
