4.989336861438430915e-01 4.606131823641799183e-01 4.604096674961229430e-01 1.220994989290202781e+00 2.016693118446557964e+00 9.250513482074930183e-01
4.575228032290565849e-01 4.216550146932058762e-01 4.214785725995129906e-01 1.433353941106025875e+00 1.503595007799642724e+00 9.348229585499048255e-01
4.799582623170862150e-01 4.414777064347274460e-01 4.412239689804272613e-01 1.046952630406106310e+00 3.744017896235587450e+00 9.382722725267365060e-01
4.662399795928404145e-01 4.263689880089349682e-01 4.261338897390377078e-01 1.082073981730548029e+00 2.762257213760338459e+01 9.378966299062457823e-01
4.612343130839837158e-01 4.290388060391083780e-01 4.288342279791135248e-01 1.168097283477198323e+00 3.892133062141628130e+00 9.560157973731927550e-01
4.945781447933981223e-01 4.585500464607961124e-01 4.583046927013761929e-01 1.144044364114808587e+00 8.244552881226848484e+00 9.709630541290316108e-01
4.288000004260436593e-01 3.888003950301403000e-01 3.886810049048375348e-01 1.276236968348947842e+00 2.873132472562962114e+00 1.012720528936501108e+00
4.771472160406941554e-01 4.362059115220431882e-01 4.360395811337394734e-01 9.978424897316189313e-01 1.933547057552707216e+01 9.231149370733615633e-01
5.211216359088014505e-01 4.753496218302337706e-01 4.752044741141459028e-01 1.170559513302339205e+00 2.723525457991933685e+00 9.872879853854212850e-01
5.019783045941836885e-01 4.610252706679595081e-01 4.607585398999194948e-01 1.868779007231870848e+00 2.544912591208572827e+00 9.700083680755191562e-01
5.370149685788668803e-01 4.934772121736334949e-01 4.932215097197958364e-01 1.063423721007041856e+00 2.383283810451496620e+00 9.890460534102303303e-01
4.756867742918935993e-01 4.380112639831487686e-01 4.377026063869290939e-01 1.396649542199058125e+00 4.033223507332505342e+00 9.491847016352586985e-01
4.778190413442421902e-01 4.406833055275736766e-01 4.404483739184300584e-01 1.270672509046539167e+00 5.984339220512270963e+00 9.564760500092061024e-01
4.829540224279546545e-01 4.417754612162223538e-01 4.416558732373557783e-01 1.151510630011766345e+00 8.494006866594324023e+00 9.442106953533793146e-01
4.629045127446623775e-01 4.192991744669741228e-01 4.191739243904745726e-01 9.448586713309146123e-01 1.042799593090701649e+01 9.180615979642415825e-01
4.867551851894698633e-01 4.409434835738547664e-01 4.407834966372462526e-01 1.391463052699155822e+00 3.197644682582295061e+00 1.084460817430138002e+00
4.751407286542574937e-01 4.351196188596201941e-01 4.349773453840420911e-01 1.284519093598531558e+00 6.618842818152952390e+00 9.390578092478552019e-01
4.548150298898088750e-01 4.181006079568966305e-01 4.179067435374272943e-01 1.290401229790011817e+00 2.676698562507869639e+00 9.491437893691091476e-01
4.583439483915007218e-01 4.193808487065197044e-01 4.191361062304492235e-01 1.030432036466103041e+00 1.026981781569626051e+01 9.366710325653903046e-01
5.068056652600956280e-01 4.644169103668049914e-01 4.640976698264786537e-01 1.366839206561449416e+00 1.978109587697653771e+00 9.554797091443759660e-01
4.541900286968161837e-01 4.161027740648150508e-01 4.158686365851992917e-01 1.186080863855981438e+00 1.669138355614642677e+01 9.419557501812384492e-01
4.902932799599730163e-01 4.537584415060244014e-01 4.534515065098461140e-01 1.307236657996017737e+00 2.412161215064249298e+00 9.527174104246330932e-01
4.838381832973500662e-01 4.459549739473921970e-01 4.457353300178700795e-01 1.335453209539096298e+00 3.432118124719638619e+00 9.606286407415984829e-01
4.994528426298476265e-01 4.624300594947678422e-01 4.623058516842960541e-01 1.118713112536000143e+00 2.620544339903927877e+00 9.262937640990135391e-01
5.186075665305885929e-01 4.723111120738481272e-01 4.719370634856443480e-01 1.325889142141042809e+00 5.442466512498550735e+00 9.942746974901334189e-01
4.714400711313400105e-01 4.378012424052350471e-01 4.375322149754689582e-01 1.131065782815848575e+00 2.230153903671788562e+00 9.710942377164940575e-01
4.569171454452028436e-01 4.233597072396769190e-01 4.232510302312042505e-01 1.513073587344964999e+00 2.590623128178825674e+00 9.589625361545393023e-01
5.161414695862347468e-01 4.704159764359439611e-01 4.702166520170013575e-01 1.030610532170605165e+00 2.149474672686514154e+00 9.979205728987158297e-01
5.011342101574284280e-01 4.616250803419781890e-01 4.614586544798864320e-01 1.180454194990747663e+00 2.280725364613048978e+00 1.007744290135610621e+00
4.440472897590603263e-01 4.040253401421762258e-01 4.037810721927939106e-01 9.998328559037770180e-01 5.583313413470149555e+01 9.896502516529481763e-01
