5.342009569380589129e-01 4.718328682256887618e-01 4.717288883551013501e-01 1.004066917528272818e+00 2.442819200360548493e+01 1.410413447766382333e+00
5.155047496499266524e-01 4.552529700792695144e-01 4.551736442725956566e-01 1.136503589363654143e+00 2.076379930060496815e+00 1.428528418297751568e+00
5.301998229916621286e-01 4.697796188652057503e-01 4.696534983631253102e-01 1.258750054560183962e+00 3.914020498108588875e+00 1.531571360694691020e+00
4.852807332336776525e-01 4.190047952011511923e-01 4.190041118454652658e-01 1.023380073852537375e+00 4.642446838322133829e+01 1.695813779764179019e+00
4.842832632258215475e-01 4.210014242352112523e-01 4.209674471021658260e-01 1.245372027171705032e+00 4.708024746258817395e+00 1.623243377247512775e+00
4.846642320972252005e-01 4.250972405012242716e-01 4.250021826021488924e-01 1.547765995493926239e+00 3.527614242582502335e+00 1.448798181663243145e+00
4.832057635778380100e-01 4.218502031508394867e-01 4.217804525579124664e-01 1.147269524124260309e+00 3.559536780373110609e+00 1.524458639202484367e+00
4.858063005813060276e-01 4.227028855998213319e-01 4.227293312911228895e-01 1.346177213038751708e+00 5.397327114304085960e+00 1.147750695901325058e+00
4.949795738266205003e-01 4.338617767417004001e-01 4.337494849092038973e-01 9.761962492175483286e-01 2.310984389159295205e+01 1.443126076691225723e+00
5.271443164967666295e-01 4.708019046972650723e-01 4.707064876819901378e-01 1.197669749936067340e+00 3.349763581755251796e+00 1.367645899192795111e+00
5.144915365701447918e-01 4.597540962499382378e-01 4.596418935985960852e-01 1.573232195372767039e+00 2.297123311874397888e+00 1.606386283850995467e+00
4.826761684785627615e-01 4.269527607344391629e-01 4.268125642125772945e-01 1.229096786031281141e+00 4.408491990742366085e+00 1.392202268750296401e+00
5.554606892702509402e-01 4.982937116086297302e-01 4.982358867690256932e-01 1.369254315620723528e+00 2.837773507776886639e+00 1.438600570626020314e+00
4.851864834967516416e-01 4.325889670574198376e-01 4.324952318977685617e-01 1.814955512278081384e+00 2.783332742675515004e+00 1.448525805680616729e+00
5.128123075741727321e-01 4.540611702694941632e-01 4.539659116491726043e-01 1.514248594850260865e+00 2.290842328485118706e+00 1.416216327856979484e+00
4.893535718252872146e-01 4.362708062879788740e-01 4.362018073762352621e-01 1.414780384607288610e+00 2.039278062935751645e+00 1.460323559516657044e+00
4.545241136908283464e-01 4.077412598189529280e-01 4.075808605943355145e-01 1.070706061474377302e+00 1.478381997143966586e+01 1.541465606799970578e+00
5.306072925838070109e-01 4.774921936504956665e-01 4.773810951637141309e-01 1.134445880939872975e+00 9.605793290824429675e+00 1.443727588613854751e+00
5.009926030648290673e-01 4.449510099118750284e-01 4.447962311385019740e-01 1.262611221586994015e+00 1.896462267088554476e+00 1.458709158779270876e+00
5.030170417210624301e-01 4.514639174923772980e-01 4.513686830777233205e-01 9.956883429708629496e-01 3.507203842287472284e+00 1.415060454921030608e+00
5.349377700079873676e-01 4.698772719379001317e-01 4.698659611548902659e-01 1.344403683179670850e+00 3.971542426253429792e+00 1.722198301918812735e+00
5.104498650805531224e-01 4.615157683520252352e-01 4.614345615169082593e-01 1.354630134304912747e+00 3.058331148253341514e+00 1.322587853474345376e+00
5.172319741900099910e-01 4.542322645015759441e-01 4.541376547285327359e-01 1.105580030426606353e+00 2.379215207852369396e+00 1.231995664224427411e+00
5.077241609020548552e-01 4.547748367513925194e-01 4.546887334338108877e-01 1.428820990361179932e+00 2.357337102750133528e+00 1.415557147762677159e+00
4.800675844867393627e-01 4.222961398004619338e-01 4.221698675501939224e-01 1.078729863408829814e+00 2.058737080693920518e+01 1.373632786264503469e+00
4.952754474476301350e-01 4.364758282264706857e-01 4.363739437116897490e-01 1.300858173973088894e+00 2.465830139956925571e+00 1.378071791817114589e+00
4.992029697251392228e-01 4.448564013688556251e-01 4.447477031027138317e-01 2.162635254686051667e+00 3.386493772264708380e+00 1.485626174194785598e+00
4.509336117169234215e-01 4.052373847885484270e-01 4.051351066686876279e-01 1.356431920741554498e+00 3.106506993657216498e+00 1.256836333508993375e+00
4.822448385557392414e-01 4.193869365163959695e-01 4.193416452755799329e-01 1.152549795175893399e+00 1.094070116232734691e+01 1.247032024889897617e+00
5.255804889015495140e-01 4.642384442936909328e-01 4.640738626066772676e-01 1.471743119787393583e+00 3.097831989189038904e+00 1.623071293017349426e+00
