5.333817428318807785e-01 4.812672927299581627e-01 4.811708898788470967e-01 1.151988612240448351e+00 2.731936461320261689e+00 1.004952472139206909e+00
5.166172859788243921e-01 4.718714741877360064e-01 4.714708584108566747e-01 1.263139572969144364e+00 1.528446073912104408e+00 9.425664943561772313e-01
5.087431261666148785e-01 4.583011986547854688e-01 4.580500452225039765e-01 1.878626739258619560e+00 2.958135588859581944e+00 9.614526493512165484e-01
4.864029054188514500e-01 4.415326510665517068e-01 4.411794106240097268e-01 1.213530718348445836e+00 2.378552215798766856e+00 1.015296850771247428e+00
5.421661040608949378e-01 4.908084691448597603e-01 4.900877957700688903e-01 1.288698843156270257e+00 2.388313446672049700e+00 1.033165965059136937e+00
4.869986851528095295e-01 4.347881082933700014e-01 4.344159075280881188e-01 1.420567114125431019e+00 1.928536247044961405e+00 9.573778668312254991e-01
4.924693695058268150e-01 4.441023472392008897e-01 4.434738478704364217e-01 1.278135090255313022e+00 2.713377460324239987e+00 9.928089295871357356e-01
4.897894456909733796e-01 4.464047471852462534e-01 4.458581462659537697e-01 1.829152630383513500e+00 2.978675948792961048e+00 9.827351188337611898e-01
4.660152548998294786e-01 4.242843468571407817e-01 4.238359750574670071e-01 9.898914105180339762e-01 6.919046253512671996e+00 1.007477616065056480e+00
4.949503372068518314e-01 4.448825843642814082e-01 4.443769588209832144e-01 1.129010714217440370e+00 2.083839369741296021e+00 9.693043027766234943e-01
4.763654966508258370e-01 4.353519797587178108e-01 4.349823401031240322e-01 1.058360219863744511e+00 3.012630343043423764e+01 1.063394263867693423e+00
5.354432416059522470e-01 4.872089996570808657e-01 4.867663846627343638e-01 1.002056894245050067e+00 1.695938016924878156e+01 1.048858780052901229e+00
5.486192034880769119e-01 5.044360369584797166e-01 5.040242524610462072e-01 1.405149901363839104e+00 2.539778971900442883e+00 1.008193693165872373e+00
5.334793083813946790e-01 4.802907314213282208e-01 4.799485418440461726e-01 1.131798821301150948e+00 2.221170678861105863e+00 1.037552344467080445e+00
4.628604868875716427e-01 4.186913325723328194e-01 4.184260806136033128e-01 1.098907422041565995e+00 1.877390271712642544e+01 9.721712510966555865e-01
5.072534639387767941e-01 4.541051610070078182e-01 4.537243339162345124e-01 1.342360892415230822e+00 1.528730016063270858e+00 9.738860953401242693e-01
4.963282789676293771e-01 4.420457430724398784e-01 4.417573633275900247e-01 1.507128885933238349e+00 2.626484463700802685e+00 9.908810512163876982e-01
4.629812722586376661e-01 4.202591273718116471e-01 4.197338428407763056e-01 1.324634644169621067e+00 3.131147081675065280e+00 1.003103546539357405e+00
4.973362129338231852e-01 4.465295099965687631e-01 4.463389150096553348e-01 1.265920833648742194e+00 2.371398984648082742e+00 1.003977438197953376e+00
4.656854510383418577e-01 4.191102496733104532e-01 4.187752622263183899e-01 1.347832317912557754e+00 1.449199159699574047e+01 1.002226621779976012e+00
4.889246510351108466e-01 4.399572103439473580e-01 4.393135873553264958e-01 1.443865705147210798e+00 2.380391470894002826e+00 9.767305760580246021e-01
4.918250742686266497e-01 4.345046697593559215e-01 4.342833763649905920e-01 1.151038186967249688e+00 1.214593880430368200e+00 9.567604754019778390e-01
4.844221803666075576e-01 4.362178000090815577e-01 4.360394326482081584e-01 1.383638498565243458e+00 1.902192913337573454e+00 9.803810610874809095e-01
4.595033821656565043e-01 4.134207050811185002e-01 4.131791102740788868e-01 1.249030914146677107e+00 4.221079061359906959e+00 9.770922991470388785e-01
5.098054773739439938e-01 4.672035198726433580e-01 4.672025618286974047e-01 1.451024678024291248e+00 2.224825730842470595e+00 1.007410020945233242e+00
4.765930064630403140e-01 4.324869166723235847e-01 4.322751323040275317e-01 1.349503031948953380e+00 3.805242021303511191e+00 1.018629942652465870e+00
4.727308491141952729e-01 4.286774889739956573e-01 4.283873836276080316e-01 1.354639245197264419e+00 3.253608307690209145e+00 9.891602383403544918e-01
5.311061194944716179e-01 4.797952508931545568e-01 4.794294881139609665e-01 1.370911275209211411e+00 2.926153501688164127e+00 9.595334727685371767e-01
4.706993715795649291e-01 4.289468849645399207e-01 4.286943430681000033e-01 1.022311829250631465e+00 2.282590922194871297e+01 9.507225888006061165e-01
5.754107129161658563e-01 5.218891163263592592e-01 5.213446643389143542e-01 1.126628108489202473e+00 2.351414328453571123e+00 9.695746660037212195e-01
