1.872974356368010962e-01 1.548734619961765202e-01 1.564507789781374725e-01 2.899263939294524084e-01 1.589384784741633416e-01 1.043160056513251943e+00
1.958062981141406589e-01 1.421657186613185520e-01 1.420485400051162972e-01 1.592127577145906192e-01 2.844422127040211468e-01 6.747670361598641087e-01
2.064954732111072555e-01 1.600712058268941307e-01 1.612240103837601912e-01 1.588289698490765456e-01 1.232663680554327401e+00 7.916168911195086144e-01
2.083109920751881616e-01 1.684078019061264475e-01 1.677306922844908899e-01 1.875015259367482090e-01 7.993919717751645226e-01 8.209428596412723378e-01
1.457597599331693361e-01 1.192195706352709439e-01 1.193519314347857158e-01 1.343916682569968879e-01 2.021755265524238232e-01 1.217834856300274549e+00
1.167869783260810368e-01 9.877274101517387328e-02 9.683627795864405141e-02 1.163680765321232630e-01 2.543353005684623747e-01 1.233285202255192337e+00
1.726411096385554178e-01 1.305170972502243676e-01 1.312327236356428672e-01 1.648256297165957007e-01 1.618293504356779211e-01 8.573172921521950984e-01
1.782712776159560975e-01 1.468562731402346944e-01 1.487414858846766996e-01 2.233543824089435914e-01 2.535717315352620793e-01 3.513471430279902497e-01
2.176745613001217494e-01 1.701570281713996324e-01 1.722007835584598856e-01 2.226211013261884530e-01 2.892931196792354887e-01 1.501139249876973558e+00
1.987219969487369620e-01 1.584884323095505365e-01 1.589183722809497101e-01 1.632115680769449517e-01 4.948699557347440714e-01 8.633565903352057314e-01
1.270375090380265748e-01 9.638491547533931114e-02 9.830580666162089254e-02 1.336989290175681355e-01 3.510476814993486183e-01 5.877586947145146956e-01
2.476540008090239997e-01 1.764697565805316837e-01 1.767857830280366305e-01 1.976493404054680270e-01 4.030501338705222425e-01 7.139086014971566252e-01
1.857762847283421503e-01 1.436647705226778426e-01 1.438859284693537743e-01 1.695776599121537331e-01 1.908193171292231760e-01 8.962948245677134773e-01
1.576496537543644605e-01 1.195093161229561357e-01 1.220783306735711976e-01 1.399009948773628498e-01 2.995007306229034438e-01 6.296052035282914128e-01
1.953963833346326062e-01 1.517485630152177745e-01 1.543156651858118289e-01 1.892538583843222100e-01 1.703918370350060441e-01 9.010286229014348169e-01
1.623817245045410806e-01 1.311735576626410216e-01 1.301095632939503199e-01 1.428223056874426133e-01 8.557439613655886124e-01 1.578229577546003792e+00
1.426839973943698492e-01 1.086956114564585629e-01 1.068675918894060189e-01 1.407355204962441597e-01 5.659874472637390630e-01 1.259046635699067940e+00
1.549087247079226071e-01 1.224420854465182312e-01 1.188303666359277339e-01 1.414290577475273980e-01 7.577322750645103522e-01 1.159628261844348751e+00
1.899756561353346807e-01 1.407768246611055263e-01 1.408197532431877952e-01 3.087442424477868097e-01 1.536088261400715416e-01 1.240899980763727983e+00
1.878895197983294074e-01 1.535095394247648903e-01 1.540422559986684981e-01 1.859896330028592282e-01 2.948323666549719224e-01 1.393650860826858517e+00
1.869471565629787779e-01 1.403858256722612663e-01 1.417822762188450658e-01 1.649106480403480512e-01 2.589409584829769351e-01 1.494582418493149323e+00
1.590021560528575018e-01 1.266622872300416092e-01 1.267756066990651520e-01 1.486959468904157644e-01 1.456527709332780252e-01 1.005244283575240649e+00
1.931509072346678790e-01 1.477422604355316804e-01 1.501180977667747884e-01 2.097959066587931354e-01 1.945720641564857301e-01 4.713990395198049965e-01
1.873840322873382425e-01 1.522005658089249092e-01 1.522719182939149263e-01 1.726486582912947487e-01 2.559490011070979509e-01 5.745791528345247645e-01
1.791863850503115085e-01 1.467786318263988588e-01 1.441019845564661950e-01 1.725930515535824827e-01 1.868579128016327751e-01 1.248987148729827190e+00
1.814498461605320023e-01 1.349127576420956487e-01 1.355217434731686155e-01 2.007835108234445054e-01 1.446024707420711375e-01 1.478617597831773711e+00
2.899177158807577648e-01 2.666516969192945230e-01 2.676466661299525818e-01 2.707465834800394378e-01 6.465585882104498694e-01 1.196383647989493815e+00
1.549939321163073813e-01 1.134396617544575075e-01 1.133177412049764105e-01 1.283692569251863314e-01 4.200875448764370690e-01 4.963663833788782287e-01
1.968849607001000590e-01 1.514066767238450850e-01 1.498413063387784294e-01 1.687722675839735953e-01 1.568474372916250081e-01 1.144627827453488900e+00
1.949874920242575527e-01 1.603913753980246992e-01 1.615281539398394917e-01 2.241579239195293227e-01 1.607979462925209768e-01 6.851152555479954609e-01
