1.746845620366005991e-01 1.602303616263062169e-01 1.605666259652444583e-01 1.829962661952429792e-01 2.144123629273197440e-01 1.583394514257239649e+00
1.277011607338963406e-01 1.189129452758859035e-01 1.191928441219070878e-01 1.279958941526125882e-01 5.034797309152111433e-01 1.014675049441541077e+00
1.454037730112562044e-01 1.307338022741335037e-01 1.306096000490548914e-01 1.613802058944078799e-01 1.346326517465741279e-01 1.460254939854815248e+00
1.581648452054388865e-01 1.366662441003289874e-01 1.366446143829982141e-01 1.352065115549392627e-01 1.379216635232938803e-01 9.471932389941363217e-01
1.403289136404895221e-01 1.202754347289831938e-01 1.200586889553714176e-01 1.882356660980064877e-01 1.380667874674539608e-01 8.274555825294387379e-01
1.879049630404165394e-01 1.633127594439875985e-01 1.626941134009148859e-01 2.050716582307690605e-01 1.879668040121330319e-01 3.941714917851412703e-01
1.144003794741689367e-01 9.653503895073578533e-02 9.748981669942542727e-02 1.030838558259481591e-01 2.856788756134932550e-01 3.961635598829490457e-01
1.368830262950769816e-01 1.103986688312343367e-01 1.103253020753660330e-01 1.121937850633919487e-01 1.123335842025107306e-01 4.388021062550757079e-01
2.098221637257634553e-01 1.751868986973756925e-01 1.747681963389208504e-01 2.207557079725426807e-01 3.555709683729560977e-01 5.070224046712599186e-01
1.850598990715706937e-01 1.630554469664913519e-01 1.637464683248969211e-01 1.986437156243947011e-01 3.231507340854244958e-01 1.309031912325366642e+00
2.276364624879386733e-01 2.022884169079730565e-01 2.021355999127542324e-01 2.346813173404173614e-01 3.356250741315220387e-01 1.065726346611341580e+00
1.388237777171373033e-01 1.185775168887776704e-01 1.185854293501811818e-01 1.215096994726089508e-01 3.073784777518964728e-01 1.073781309633218717e+00
1.496838491976342778e-01 1.264903890000348419e-01 1.261354958351120215e-01 1.501594251762641830e-01 1.535685141621328520e-01 6.586315299343914464e-01
1.382836043597206743e-01 1.252418706642047241e-01 1.256785980497627242e-01 1.556179966188150909e-01 1.330698690551860575e-01 6.359994285695304006e-01
1.345487013589163616e-01 1.182380806977632176e-01 1.184039971667575908e-01 2.050546260880604099e-01 1.234790858766235122e-01 6.916443974977162235e-01
1.871491793650378599e-01 1.601825717455098996e-01 1.601937389028942615e-01 1.595940278980127469e-01 6.496651815116166739e-01 7.984161972445039668e-01
1.485973411186893578e-01 1.299103035222086422e-01 1.295498494700101921e-01 1.574848734123382721e-01 1.427953411234208214e-01 1.053414857490715839e+00
1.349734858360560619e-01 1.138526158952507805e-01 1.144893708533397531e-01 1.263789521721430109e-01 4.196469413632397671e-01 8.876403984647656120e-01
1.026602943053225997e-01 9.100659439817729290e-02 9.094964647234601851e-02 1.765054271909347883e-01 9.479573324184878413e-02 9.129436051779790118e-01
1.744843476230191204e-01 1.532710656014857620e-01 1.539428883648726598e-01 1.694080938970805583e-01 3.930838013008107756e-01 3.671904703405731163e-01
1.418593140249659601e-01 1.227258094680820505e-01 1.233083436013510253e-01 1.620793376781891615e-01 1.386406190917861547e-01 8.326671195966148797e-01
1.458503238419223691e-01 1.221629740948751291e-01 1.219479336165618932e-01 1.392542261206198562e-01 3.412802285023061599e-01 9.962086458164073344e-01
1.803661346942035115e-01 1.613744032544872642e-01 1.617057297305479480e-01 1.756322328374115282e-01 2.664276040588551830e-01 5.617888255397649466e-01
1.264399883121486989e-01 1.107343433376204167e-01 1.104759219363049827e-01 1.379629452936744771e-01 1.162104476812733100e-01 9.457308590916281288e-01
1.805960967033855558e-01 1.576998434175787556e-01 1.570705572356692337e-01 1.654038505725102526e-01 2.987444390689170670e-01 1.599407036632356727e+00
1.631814912358960645e-01 1.455967099699194967e-01 1.452146204957554254e-01 1.731268184250255304e-01 2.505884822974955850e-01 3.006127355995804606e-01
1.233914099344558118e-01 1.139018685402803932e-01 1.141480150502571095e-01 1.251167777733870612e-01 3.063837576723776324e-01 1.067240646619054045e+00
2.268224168536148999e-01 1.906641745655016928e-01 1.899075252496452149e-01 2.382352129652737238e-01 2.084026775812624355e-01 5.776107730979029853e-01
1.797152074365208629e-01 1.592974614969618896e-01 1.597605883040715824e-01 1.676867313883923238e-01 3.424970035267365098e-01 5.223241314606955621e-01
1.458050887376048099e-01 1.246544871638922275e-01 1.244464442786221009e-01 1.676559575534076751e-01 1.228118839305969850e-01 1.221136186400821666e+00
