1.860649309021305542e-01 1.615570528440677389e-01 1.611155779502825847e-01 1.788337652678610445e-01 1.591661858306268329e-01 8.611268002045275871e-01
2.109010184520029030e-01 1.779892483908542544e-01 1.781171980210106975e-01 2.109966259447156878e-01 2.030301918091260427e-01 1.238146334688023265e+00
2.006805264229391261e-01 1.601362345406231458e-01 1.598415729786749340e-01 1.750173534580336809e-01 2.672945791937161308e-01 7.759773158742023780e-01
1.759997544920256507e-01 1.528232137395489076e-01 1.524573565894366545e-01 1.838986360254806773e-01 1.574776873143538258e-01 1.117692771706557897e+00
1.753090149555518451e-01 1.360082414854195398e-01 1.360005086686644771e-01 1.556835293240383111e-01 2.116143827764893903e-01 1.654661428791291300e+00
1.298623478019163557e-01 1.059244241947102788e-01 1.060462350091702227e-01 1.134363565459831774e-01 3.012980667375843025e-01 1.714153355527209932e+00
1.235764456924441368e-01 9.587779837873884603e-02 9.620345397077835481e-02 1.197778706347822353e-01 9.937979252448533862e-02 1.064934855585458084e+00
1.609052265084865430e-01 1.326755694321430090e-01 1.325768515098910139e-01 1.592783668198687330e-01 1.411745881396412328e-01 6.508578051170520462e-01
1.299422547608674594e-01 9.950504915330009303e-02 9.923700952082374627e-02 1.400461428429608524e-01 1.050795543397543969e-01 9.356535650827179085e-01
1.921803341422768374e-01 1.584230429426374820e-01 1.578706064871511772e-01 1.860775658707855273e-01 2.665255874773239109e-01 8.484327239284453759e-01
2.079729430126505685e-01 1.615184741430649162e-01 1.616453207957354032e-01 1.684260772795560523e-01 1.183585383890795040e+00 1.547783511325412809e+00
1.780962478502187418e-01 1.474338585848518068e-01 1.475710400823819490e-01 1.667646448810331805e-01 1.833518491354260704e-01 1.360088772926386413e+00
2.215813823374475355e-01 1.883125997836095633e-01 1.882204044239845775e-01 2.005493939582762564e-01 4.303923758027432545e-01 1.373846947922744643e+00
1.281920942402252350e-01 1.056569841175672986e-01 1.059168812792791459e-01 1.172667378896060514e-01 8.641529083564407632e-01 7.730693632946663563e-01
1.729132981296007676e-01 1.405006240694153252e-01 1.407494056080956235e-01 1.534100569248878498e-01 3.143222618609878838e-01 1.001526508067728471e+00
1.500519702491421303e-01 1.262688129622756839e-01 1.264283410789716067e-01 1.491260043508866873e-01 2.354722745102844905e-01 1.444311782185148330e+00
1.631544692067805613e-01 1.320680315682252193e-01 1.320933870247480990e-01 1.690657629706835974e-01 1.448638397343754158e-01 1.473518817601221498e+00
2.151473229736671489e-01 1.771847232472676115e-01 1.769252117327591300e-01 2.488047629843651853e-01 1.906297225036312215e-01 1.293752382943070378e+00
1.749777495658543236e-01 1.442872010233338387e-01 1.445749282294992721e-01 1.743276153324169464e-01 4.034788289488224211e-01 1.530160289604967083e+00
1.643702028060737563e-01 1.382462862732816711e-01 1.380904027080847030e-01 1.753722665557485016e-01 1.420259497363564882e-01 1.329891813185655858e+00
2.187148260062698191e-01 1.783973163723828748e-01 1.785798867764309683e-01 1.909360825402801609e-01 5.128569653315464549e-01 1.589467819415497640e+00
1.665563126289691109e-01 1.469529499293449337e-01 1.472808825256358978e-01 1.598025975953634714e-01 2.124218552254044656e-01 1.021372303748587784e+00
1.765077114070076336e-01 1.488898378467835015e-01 1.485441926084878073e-01 1.898508259004936249e-01 1.520849844339107471e-01 4.255243949221210187e-01
1.795172224369044889e-01 1.554278001009673227e-01 1.554999266555450455e-01 1.655410816002491348e-01 3.169794549899035974e-01 1.613535697861985696e+00
1.414163362952847169e-01 1.233125340039168683e-01 1.236504644902517991e-01 1.574458252011237125e-01 1.266586322725054559e-01 7.021034894057202047e-01
1.634573832445795905e-01 1.225572904811267905e-01 1.225713232053637775e-01 1.865276502143103921e-01 1.337854180420249284e-01 5.274881016178348814e-01
1.429009154832630857e-01 1.176962794284797664e-01 1.172725458602062593e-01 1.499642844098173222e-01 1.636251763451698482e-01 1.822608353078661869e+00
8.623870326580228285e-02 6.679717750498476159e-02 6.655848235248239264e-02 7.885641534803551622e-02 8.876137231949082773e-01 1.619304563736915892e+00
1.574985709902878284e-01 1.252635621807014765e-01 1.252882077487294799e-01 1.512191200450392070e-01 1.471256740099903537e-01 7.116479970331945903e-01
1.836741148002118962e-01 1.509282359634570025e-01 1.510200914984777820e-01 1.530356235361009509e-01 4.615347843296648267e-01 7.377602491953806352e-01
