1.708288766920532664e-01 1.206497425622380382e-01 1.206497425622380382e-01 1.402433551776230691e-01 4.153263634392074244e-01 1.591020719510790604e+00
2.294823465530665130e-01 1.424853818342034228e-01 1.424853818342034228e-01 1.583784280731767302e-01 3.013610726702062315e-01 7.376206711154095208e-01
1.771027477545454309e-01 1.234637829632610206e-01 1.234637829632610206e-01 1.646956484753975547e-01 6.138749882080803966e-01 1.882920283828555030e+00
1.863862352892271257e-01 1.366353950533561457e-01 1.366353950533561457e-01 1.979782853354665195e-01 2.095021171847420705e-01 7.053893106817192837e-01
1.598061372405109593e-01 1.225193620912014836e-01 1.225193620912014836e-01 1.436442028421277828e-01 2.247743907747938585e-01 5.310386395002687498e-01
1.588718470054952536e-01 1.108224520791862566e-01 1.108224520791862566e-01 1.371169431145858597e-01 1.851049036929236224e-01 1.922820958582440065e+00
1.777190649213928608e-01 1.287233718533591920e-01 1.287233718533591920e-01 3.416440109545380022e-01 1.355170367641610751e-01 3.544160530538650322e-01
1.495878597974926449e-01 1.144276376806540874e-01 1.145132403571433310e-01 1.458536297035919194e-01 1.362613156728529062e-01 5.407646620827643025e-01
1.958267844738282859e-01 1.442479294304502557e-01 1.441889799475250811e-01 6.264442942899327571e-01 1.514356911431339603e-01 1.140298135028439797e+00
1.504187271347027233e-01 1.050365534152633284e-01 1.050365534152633284e-01 1.232765230587241634e-01 1.096739971372127365e-01 1.215883711086117369e+00
1.535734401126623849e-01 1.162385865819457603e-01 1.162385865819457603e-01 1.532748973893315603e-01 1.282874290145580853e-01 1.070872960122335460e+00
1.974760558518976472e-01 1.138736860414647084e-01 1.138736860414647084e-01 1.372506387555162688e-01 3.143047645850461924e-01 8.383725687532480597e-01
2.565887790069257268e-01 1.768886547826892530e-01 1.769499379346764212e-01 2.300711823564028924e-01 3.896118585397086997e-01 1.439791589534800575e+00
1.900138072148412349e-01 1.427791136750533318e-01 1.427791136750533318e-01 2.265415183317771586e-01 2.469523162268291161e-01 1.305284789383116095e+00
1.747087729488915331e-01 1.253789172631995241e-01 1.253789172631995241e-01 1.502661347307842621e-01 2.430398008885787664e-01 1.837779592176701948e+00
2.019557161347300678e-01 1.445352445162689792e-01 1.445352445162689792e-01 1.951709800927091676e-01 1.754514860476404092e-01 1.436832417997249367e+00
1.978848152879652822e-01 1.455557516366423054e-01 1.455557516366423054e-01 2.027053801832865432e-01 4.499147474081798825e-01 7.111096973854130754e-01
2.007106957615515663e-01 1.461036730395471883e-01 1.461036730395471883e-01 1.622697680194842285e-01 3.334933892477336959e-01 6.767196018660803780e-01
3.150295925568135647e-01 2.238510651243097727e-01 2.238510651243097727e-01 2.521103699806263032e-01 3.847680520411834171e-01 1.308738338938104429e+00
2.115515148507749743e-01 1.586794659414377529e-01 1.586794659414377529e-01 2.153091404728244840e-01 1.984311663425168959e-01 1.387528405472141735e+00
2.309822408995425014e-01 1.582905746913389755e-01 1.581586086991959295e-01 1.937974448682457385e-01 2.817624232040355503e-01 1.406896562336440670e+00
2.354589715774818015e-01 1.685123387774186965e-01 1.685123387774186965e-01 1.910112391266424736e-01 2.426091694190275760e-01 1.506493218852291927e+00
1.711349509107862044e-01 1.284540778009773676e-01 1.284540778009773676e-01 1.977529431552530192e-01 1.914942762429130418e-01 1.326719369988395458e+00
2.401319894719212977e-01 1.824311124291603248e-01 1.824455137512318303e-01 2.157567560230337078e-01 2.405478602186108261e-01 9.067848375064393451e-01
1.975575317710667189e-01 1.443372468096913441e-01 1.443372468096913441e-01 1.620306276110602406e-01 2.382449680403366521e-01 6.718325853787365798e-01
2.016828909374314693e-01 1.370836037622991943e-01 1.371632496893866182e-01 1.590245266557431536e-01 2.537763823496235749e-01 6.309360551965823571e-01
2.234824368583305243e-01 1.374487569137335108e-01 1.374703372946665392e-01 1.593531056193569495e-01 3.365932860238467494e-01 1.790309759413291513e+00
2.047896243046050668e-01 1.321803291594075558e-01 1.321803291594075558e-01 1.460810600835455719e-01 3.367354503059668547e-01 6.922568974948469789e-01
1.642526608066960936e-01 1.351107213226029058e-01 1.351107213226029058e-01 1.826539055814233870e-01 1.340865403941818301e-01 1.269417901070526211e+00
2.432919153383729105e-01 1.821086401579365133e-01 1.822743693409580590e-01 2.103474622533691440e-01 3.503500559419078786e-01 1.272889190373895474e+00
