7.091272532686147823e-02 6.502167041186662777e-01 6.500367281476917558e-01 4.924132437634535786e-01 3.598208853102125016e-01 9.993086117059988283e-01 1.137335699311317061e+00 1.216479254466520610e+00 1.007356098875037853e+00
6.427247385961877557e-02 6.440458820836167941e-01 6.438827391809827105e-01 4.375218876406416491e-01 3.217754675556638855e-01 9.996291896961202461e-01 1.146004514952316367e+00 1.194732284642230802e+00 1.007713183452012551e+00
6.971481286672975841e-02 6.320351694176400414e-01 6.318272723104566557e-01 4.432366206759272842e-01 3.557668055216325342e-01 9.994357058823087891e-01 1.138363712272447259e+00 1.159593859008465788e+00 1.010193599889854355e+00
8.023027391200432401e-02 6.201316569347165020e-01 6.199893793734465586e-01 3.917682106753107019e-01 2.923641969065745583e-01 9.996415635735006466e-01 1.143087198343351263e+00 1.170179988317139319e+00 1.008389526904688083e+00
6.569620827481365000e-02 6.377147134643254001e-01 6.375127344999425016e-01 5.258005552755437018e-01 3.611313972884337975e-01 9.996826941259184807e-01 1.110410747615473648e+00 1.100313608553786349e+00 1.004450188628801310e+00
7.861162103177521399e-02 6.855000699356723626e-01 6.853064752594903997e-01 4.887023973198911242e-01 3.707229636407801121e-01 9.994091180462746360e-01 1.165131057315254903e+00 1.234135283851929277e+00 1.007591863773529939e+00
5.859572349381161893e-02 5.942737861417729528e-01 5.941246614488111533e-01 4.209076451309512468e-01 3.155718397049411261e-01 9.996067415181403293e-01 1.126650401210088637e+00 1.233462865929138230e+00 1.008834404259778550e+00
6.735649340515113825e-02 6.113443931361418615e-01 6.111372691157834769e-01 4.549556244285443696e-01 3.382997460559553637e-01 9.994424487667639134e-01 1.137408224287369096e+00 1.187334270690272531e+00 1.006978052324589701e+00
6.832843928876336514e-02 6.308691246422281074e-01 6.306783398070087143e-01 5.168915669965825632e-01 3.401753477177520968e-01 9.994382307261059362e-01 1.156136264519476375e+00 1.219837343741841718e+00 1.007779703279849004e+00
6.895012910662538796e-02 6.056927364431677896e-01 6.055323545371728011e-01 4.280608710531975114e-01 3.408176656876454325e-01 9.993432303598814848e-01 1.162787761280131171e+00 1.187790459792067432e+00 1.007347663605774768e+00
