5.498610126491643157e-01 2.319414484427285927e+00 2.318745215245237912e+00 1.250573265424006042e+00 5.240939875421000149e-01 9.991094001488184384e-01 9.997914958849103417e-01 9.995325881620699127e-01 9.998542331029702801e-01
4.376529505276479659e-01 2.270409905931583872e+00 2.269839918063675910e+00 1.372102358721529081e+00 5.049173776361488564e-01 9.990169154690513587e-01 9.997130764175379269e-01 9.989626010961690783e-01 9.998156026549465114e-01
4.089696902915817001e-01 2.107057005342204192e+00 2.106472001941222416e+00 1.380221800920761188e+00 5.033955250726099839e-01 9.991408514282607012e-01 9.997408551626715267e-01 9.993018093940634339e-01 9.998163380927563848e-01
4.576931000432059027e-01 2.515818687822948263e+00 2.514980103366653008e+00 1.639739953715136478e+00 5.371872441593857905e-01 9.990897349183271992e-01 9.998114526754098286e-01 9.994863481568276864e-01 9.998445456896710715e-01
4.614097480311317723e-01 2.535523145435548908e+00 2.534746398882086194e+00 1.558759441449571126e+00 5.111209464034426331e-01 9.990292293731113382e-01 9.997270458300231422e-01 9.990661725845677577e-01 9.998027832279037241e-01
4.127571699442076913e-01 2.073056948697112212e+00 2.072374023857731729e+00 1.034595799719607800e+00 5.445194151298087260e-01 9.986810521164358745e-01 9.996843444491175790e-01 9.990109697245257436e-01 9.997919966362692756e-01
4.300911855551907137e-01 3.136081057280488249e+00 3.135305773249443817e+00 1.523348101512616015e+00 5.525490159622257202e-01 9.990129323574697962e-01 9.997816898703150157e-01 9.993620347419198691e-01 9.998177703040888042e-01
5.531299267966474087e-01 3.081957004984476445e+00 3.081194057906558648e+00 1.725343667781744417e+00 5.077217396123422377e-01 9.989744257570930541e-01 9.997474421106011810e-01 9.992737766433016366e-01 9.998306105179098902e-01
4.222439304212390332e-01 2.480565253729330788e+00 2.479872594022072718e+00 1.357966862499829785e+00 5.115291507943947602e-01 9.989883763815223805e-01 9.997793975722278903e-01 9.993757606528379522e-01 9.998556405643709288e-01
4.880119481031026663e-01 2.156035608720034524e+00 2.155449765943529439e+00 1.192282816937441314e+00 5.432289556808687081e-01 9.988568063978953138e-01 9.997134696364945450e-01 9.992676582247254080e-01 9.998073508486543526e-01
