2.784617484448976277e-01 1.105052408495117655e+00 1.104723330729270314e+00 6.614240082458108239e-01 3.653502660169882787e-01 9.920175449950053848e-01 9.969925718853956953e-01 9.911718671808574799e-01 9.981276930804562353e-01
3.840828961152738530e-01 1.694723825941242712e+00 1.694275258622002234e+00 8.952053508384628655e-01 4.375881366965834185e-01 9.919125860104449632e-01 9.974393636736028634e-01 9.944909379206242628e-01 9.983682354703212747e-01
3.046785833713089309e-01 1.310155864005924320e+00 1.309734446598214586e+00 8.064181642828359697e-01 4.311574404764874080e-01 9.907665100174757322e-01 9.966702216995793062e-01 9.925831697553676447e-01 9.978767055295810762e-01
2.768936300294953523e-01 1.181135225933755972e+00 1.180762211641023463e+00 7.673575907221970027e-01 4.179873626482984994e-01 9.924055116198392534e-01 9.977403349687318235e-01 9.943624131833085356e-01 9.984735970939480065e-01
2.815879011946583188e-01 1.285530704648885969e+00 1.285153231943980234e+00 7.690649484728143692e-01 4.272474035210458432e-01 9.912876819392688610e-01 9.977513981330512483e-01 9.944875474210770339e-01 9.984721179476253594e-01
2.944558310330618323e-01 1.322454888726412037e+00 1.322097874371748638e+00 7.677209709417274208e-01 3.870718752323693002e-01 9.898540977519718620e-01 9.970848948481966234e-01 9.938485075747651720e-01 9.981845498760976154e-01
2.746808285213491740e-01 1.256488550991619269e+00 1.256069826276060564e+00 8.369243434358905054e-01 3.837846079080927120e-01 9.924069041957068738e-01 9.976799354896505045e-01 9.942216408181641096e-01 9.983903063864424388e-01
2.883551786869650857e-01 1.301250913192347980e+00 1.300873432818865139e+00 7.170709775036656630e-01 3.966433838318222382e-01 9.909807209903960246e-01 9.972289087355797887e-01 9.931582435180260626e-01 9.981647616262238065e-01
2.651751323312647179e-01 1.384324039369405623e+00 1.383929164046795890e+00 8.178949009316670571e-01 4.756811645066668648e-01 9.909898487873856077e-01 9.973755055979739437e-01 9.942793684213404592e-01 9.983320807678862652e-01
2.795125746466068373e-01 1.296380009478329542e+00 1.296040155843081187e+00 7.564528599612362347e-01 3.837198561668109242e-01 9.919134778318122736e-01 9.975285413394915368e-01 9.951092405960871856e-01 9.983414264175283215e-01
