2.767868952450064368e-01 1.757847734030424935e-01 1.757847734030424935e-01 4.680360900759422682e-01 5.357619219882016337e-02 2.506366931676367801e-02 1.776627945322068261e-02 9.986338288947227415e-02 3.517369913664219333e-02
3.853905221519285385e-01 2.501159612693446554e-01 2.501159612693446554e-01 5.675358255966609367e-01 6.794826066893665251e-02 1.585214546105373143e-02 1.057279648626335312e-02 1.061831157370612816e-01 5.515927192267144896e-02
4.794949320212689159e-01 2.659333182402526252e-01 2.659333182402526252e-01 4.953572568801294929e-01 6.370683215672459654e-02 3.114243059751060569e-02 2.454306787243063295e-02 1.156155902004367964e-01 8.371462406850106730e-02
4.747389750311685752e-01 2.089864424738755166e-01 2.082550978620305304e-01 4.424904225737883445e-01 5.230735414848694531e-02 1.519250023788923550e-02 3.344259412822047500e-02 1.140101860595875982e-01 4.545085416515625559e-02
3.617584084092160257e-01 3.295261010155159931e-01 3.295261010155159931e-01 2.342649092839538538e-01 4.930777269236343019e-02 5.212070274416594554e-03 1.860561373843908767e-02 1.250629624061886658e-01 6.357487844963516377e-02
3.282655471150950355e-01 2.488414637042019317e-01 2.488414637042019317e-01 4.136191060512923734e-01 6.961428586077571257e-02 1.597901177206906276e-02 1.917158031895949827e-02 9.387513599877116144e-02 6.110789717761602735e-02
4.296257687087286503e-01 1.562174443850523065e-01 1.562174443850523065e-01 4.052554733565947309e-01 4.624369012628966324e-02 1.330674241450160653e-02 2.027791375779369396e-02 1.298466640117635074e-01 4.714145200384476514e-02
4.285702960367662184e-01 2.564305727823478764e-01 2.564305727823478764e-01 2.811554067978349614e-01 6.992370524113530883e-02 1.706613751837219445e-02 3.103127044086621475e-02 1.277771391770475273e-01 6.599222989232936265e-02
3.404887068590599641e-01 1.604157543962127230e-01 1.604157543962127230e-01 4.042811871429619064e-01 5.680402160116946458e-02 1.979772470956131514e-02 1.169528114738576166e-02 1.012970410152552597e-01 4.163022261564135185e-02
3.377315023909421288e-01 1.141520696812936553e-01 1.141520696812936553e-01 4.593544826649375024e-01 8.387913140221027464e-02 1.958344561149923807e-02 9.197432236064090327e-03 1.313240640378581237e-01 4.956363871131941323e-02
