2.975494518340568995e-01 5.668512175294591060e-01 5.668454959105638791e-01 5.355829237301649171e-01 1.784980465882994305e-01 1.173156382527590358e+00 1.154214215089983453e+00 1.188686839789098393e+00 1.170533335423151300e+00
2.906762435581524695e-01 5.230437383714854338e-01 5.230580421634442034e-01 5.398291997204685000e-01 1.789902995499234317e-01 1.188057813441719679e+00 1.143707393155247720e+00 1.176934865423928445e+00 1.167819038737465176e+00
2.788931299471609226e-01 5.436148424035051052e-01 5.436086753824067586e-01 4.764192442532400595e-01 1.607526171894780032e-01 1.171195302886476775e+00 1.138164976336878187e+00 1.172066775662830240e+00 1.149834270367442457e+00
2.976230173238233467e-01 5.478598177899413058e-01 5.478363190096067203e-01 4.383996803437547607e-01 1.713320638417660247e-01 1.179036171532528821e+00 1.171450305098870492e+00 1.212434541582827485e+00 1.184281185226619515e+00
2.929265906075968484e-01 5.448184973172764956e-01 5.448088942533370060e-01 5.280648627154328478e-01 1.711034090947335384e-01 1.159067856032230281e+00 1.108744060477679261e+00 1.122943666590578760e+00 1.116651567064062434e+00
2.896840194970347060e-01 5.190578878673531849e-01 5.190414470140715109e-01 4.055202653377523725e-01 1.726928961163171905e-01 1.152389032221559750e+00 1.111501996413200022e+00 1.137260818574995058e+00 1.127278210499801814e+00
2.905390316981697474e-01 6.238387644855234448e-01 6.238441846241449262e-01 6.363106054733852490e-01 1.873265021908581129e-01 1.172047672017644038e+00 1.139068736605945542e+00 1.160896237310347523e+00 1.145260034868558208e+00
3.024119430850110701e-01 5.765473490977849336e-01 5.765590358128603876e-01 5.647537589516651302e-01 1.813442662900194846e-01 1.169660739785103987e+00 1.144610232638982428e+00 1.157887278792889996e+00 1.146084734352298629e+00
2.731680899707363275e-01 5.468311406786572348e-01 5.468230374588866072e-01 5.105448103627999723e-01 1.660089518052766944e-01 1.182020214143825854e+00 1.151877775532555326e+00 1.191606779298898244e+00 1.172420477488700818e+00
3.003721637716250670e-01 5.220849260843042350e-01 5.220891660762704278e-01 4.400773097834849712e-01 1.752446212197039388e-01 1.149279849805172837e+00 1.131791357459042136e+00 1.140261776881414502e+00 1.128203984568946439e+00
