2.027668824073966813e-01 3.864051062369435185e-01 3.864126319594166636e-01 3.470757121196552664e-01 1.034587170317391586e-01 1.209221436841485753e+00 1.182971773861337228e+00 1.196949069295299539e+00 1.187665997518322802e+00
2.154007924641246075e-01 4.629531564314670056e-01 4.629543081570502427e-01 4.031044459607548980e-01 1.211934134839399019e-01 1.231562059440751034e+00 1.222575828822118238e+00 1.247203861603518371e+00 1.223982983226693300e+00
2.112738333632401544e-01 4.165161896635193872e-01 4.165092022802572846e-01 3.807095675002373225e-01 1.401294051051231171e-01 1.206848434083422461e+00 1.173123563672137770e+00 1.200098213409114933e+00 1.183562310027495457e+00
2.019955970411080048e-01 4.066548279462529059e-01 4.066462234892033734e-01 3.118479472605144021e-01 1.141427047890236773e-01 1.232426308369130252e+00 1.201537971015671724e+00 1.217210284520481967e+00 1.204046653889633944e+00
1.950272761725382609e-01 3.947851621844514214e-01 3.947856830262564953e-01 3.383643947434198940e-01 1.343187134159437024e-01 1.205878693792225897e+00 1.194753194006571428e+00 1.213582454606443317e+00 1.200133697068795247e+00
2.065277713880723232e-01 4.407622856611354001e-01 4.407632435972194118e-01 3.532626627573570155e-01 1.196503933661705599e-01 1.208291429547479368e+00 1.205552954281233768e+00 1.218561368492131258e+00 1.207376147608605566e+00
1.965298414111104619e-01 3.927249950830723479e-01 3.927183044890631414e-01 3.881265318261837294e-01 1.104824043361653935e-01 1.244716762959870104e+00 1.226700676470085405e+00 1.237302511261761495e+00 1.230036897990224531e+00
2.078841448939012237e-01 4.107605973744143935e-01 4.107680734699953873e-01 3.157384019316608614e-01 1.140409837079195687e-01 1.217192918160776793e+00 1.195846983322512713e+00 1.209446494212701007e+00 1.209418802350392008e+00
1.988735087524947376e-01 3.763178248196991094e-01 3.763248095409305050e-01 3.187289902153474519e-01 1.142613608507934697e-01 1.229118994703588097e+00 1.205957412407936413e+00 1.233520429015095621e+00 1.216493996226504448e+00
1.976193694539094270e-01 4.269921465433033081e-01 4.270066695193719397e-01 3.589441091357283287e-01 1.114398449113251088e-01 1.231486531062511824e+00 1.202020525759597058e+00 1.231317727665680595e+00 1.219626523596633483e+00
