1.284681641151337317e+00 1.542048513317774594e+00 1.447536475552222868e+00
1.359080331776069794e+00 1.690561690143362661e+00 1.601709458153807386e+00
1.698917878068194165e+00 2.986105949062486609e+00 2.433350700723825089e+00
1.062396546120968566e+00 1.145045745309773766e+00 1.169105662572107684e+00
1.377575924893509995e+00 1.555858134195516662e+00 1.359766968278560029e+00
1.929606810187989741e+00 3.044815596306349015e+00 3.433999148438780846e+00
1.137334278293592016e+00 1.495829640051214993e+00 1.456981551217643833e+00
1.458213366051905879e+00 1.835733413564925920e+00 1.927654301852885110e+00
1.097703302318975060e+00 1.387508967591183584e+00 1.368257952868074501e+00
1.001594508143992091e+00 1.075831842791602933e+00 1.140474429494563013e+00
1.073578204835265781e+00 1.352965244053433436e+00 1.364551390514326279e+00
1.229711583801307961e+00 1.780756147368627751e+00 1.198195704668364447e+00
1.284760878838188791e+00 2.040728400668235132e+00 2.116422341285971953e+00
1.601095830841926304e+00 2.522284700682879688e+00 1.837773065050840593e+00
1.097402428014073283e+00 1.205387366283241946e+00 1.288426446628004651e+00
2.663560883171663729e+00 3.605787460662737587e+00 3.736158178262435570e+00
3.874329597057198704e+00 6.498322329076547277e+00 5.356512438238878460e+00
1.058128755300503210e+00 1.258489745035392460e+00 1.309348431289036441e+00
1.075622226044384622e+00 1.642024537879537505e+00 1.639186038133016110e+00
1.318132821665563892e+00 2.089488075484163154e+00 2.105528895965699920e+00
1.956903152873050722e+00 2.541986406747245297e+00 2.995603002362849043e+00
1.280733583587034818e+00 1.785087376468277531e+00 1.606940796611333377e+00
1.173112090544377928e+00 1.590310622141369645e+00 1.652876676964601721e+00
1.401174092426545670e+00 2.126016477756653256e+00 1.831215076621925508e+00
1.081635541483165541e+00 1.432783857542323958e+00 1.468390020748870040e+00
1.317491756860558860e+00 2.263676766419804309e+00 2.144646445604173834e+00
1.251114483267268929e+00 1.383304933500900891e+00 1.402381673862626021e+00
1.053613254041283476e+00 1.202666885635771843e+00 1.226610788388443396e+00
1.108247727842735397e+00 1.321209927054896927e+00 1.341433259063718575e+00
1.074155932655554313e+00 1.295380235268228208e+00 1.150565294466358024e+00
