4.147054218269140974e-02 2.513422625713270399e-10 5.028089815374824134e-06 1.856048257299732551e+00 9.974531404223480058e-01 1.023678684314550447e+00
3.907330022500192512e-02 2.507577098470770052e-10 5.016391233814709973e-06 1.664040845395638346e+00 9.971483148675064356e-01 1.014823069719981596e+00
4.032165230769425152e-02 2.512490427280113646e-10 5.026222738880166703e-06 1.853342958536013718e+00 9.976260114089586795e-01 1.023921004684302360e+00
4.088437725104547560e-02 2.511209431152776893e-10 5.023658758690555013e-06 1.934002468661796259e+00 9.977020950836492652e-01 1.027752599205213668e+00
3.879619346915442329e-02 2.506724091243011674e-10 5.014684639365257867e-06 1.809994254144881909e+00 9.976864829066151019e-01 1.022249559554825327e+00
3.871290194149661079e-02 2.501170238184518976e-10 5.003569166220298872e-06 1.801898986954425075e+00 9.980518618507051576e-01 1.018005498311784551e+00
3.962610543505732524e-02 2.513385204799539277e-10 5.028013511271899654e-06 1.878710416109924175e+00 9.976681157808624523e-01 1.022231378323465556e+00
3.773650319518104257e-02 2.518122999650934859e-10 5.037493798875826349e-06 1.892324790278064883e+00 9.976515436844709539e-01 1.026861390740010371e+00
3.857374283640224721e-02 2.511786976915195504e-10 5.024814976300909995e-06 1.895468568360255013e+00 9.974405692304240123e-01 1.023263135435453552e+00
4.047519016349342830e-02 2.526269097905139483e-10 5.053799308583804153e-06 1.958021801484115532e+00 9.971214180366390067e-01 1.022462124575822973e+00
3.733088436732868998e-02 2.522236464069511807e-10 5.045726610907656362e-06 1.834989026400354772e+00 9.978120984951230898e-01 1.023189762283688076e+00
4.030937361310045486e-02 2.510882119149843776e-10 5.023010687336248715e-06 1.835104862763239364e+00 9.975215701687250025e-01 1.021360054249022875e+00
4.107527759780556925e-02 2.497125398284912366e-10 4.995475553685555020e-06 1.882368894314112362e+00 9.969010275392102827e-01 1.022808728665322464e+00
3.702833862115429558e-02 2.499573049192016929e-10 5.000371370738096597e-06 1.854903417735686233e+00 9.975423532418326023e-01 1.023407059652446494e+00
3.975718184503324731e-02 2.515473759778701371e-10 5.032193482089396429e-06 1.910051185528752304e+00 9.972049221733387814e-01 1.026639171489774238e+00
3.839637355427153592e-02 2.515489936489883377e-10 5.032226011141234577e-06 1.866657765900409327e+00 9.971856383158494985e-01 1.021126120111727431e+00
4.083169852701492436e-02 2.505135583881272523e-10 5.011504646844610772e-06 1.816029804893097177e+00 9.974563294161629123e-01 1.021361025797564714e+00
4.200395709250816234e-02 2.508054812118240040e-10 5.017348875570211318e-06 1.807862489644422643e+00 9.974366962893479460e-01 1.022892255759157543e+00
4.068807564632248575e-02 2.514556984248751838e-10 5.030356779915758834e-06 1.802656983950273517e+00 9.973697003391408522e-01 1.020825632048282250e+00
3.621253385135678182e-02 2.505449876890652945e-10 5.012133586571737406e-06 1.835947325422961907e+00 9.973650114032853731e-01 1.019813655417278531e+00
4.087300621911715837e-02 2.508297096460404222e-10 5.017833144663311928e-06 1.822035520820024512e+00 9.973262641490968639e-01 1.021669556575949711e+00
4.219210633529901777e-02 2.522338324564590511e-10 5.045934367800582600e-06 1.943239070326083340e+00 9.978207547296932267e-01 1.025598903134094408e+00
4.015118440813209705e-02 2.502636683096840085e-10 5.006504151053437370e-06 1.781104408358739954e+00 9.977401868340305402e-01 1.020983631429778660e+00
4.433623712143201778e-02 2.508433180293628429e-10 5.018103285305065084e-06 1.972155507478609238e+00 9.973962124907420623e-01 1.026987526953209384e+00
4.224543745451007914e-02 2.501470217911911888e-10 5.004170504435946713e-06 1.814964170126386112e+00 9.976606361034866532e-01 1.023058789686753789e+00
4.359017403400024249e-02 2.501127112518177124e-10 5.003484127301301639e-06 1.792838455945416687e+00 9.976795254848868089e-01 1.023264350245788101e+00
4.226482992626209856e-02 2.501532704365267298e-10 5.004295728241924738e-06 1.777447219950707646e+00 9.972056744021735586e-01 1.019768088976898746e+00
3.962476467482608372e-02 2.506992125177447095e-10 5.015220563389243843e-06 1.793579000250305366e+00 9.971948119092224339e-01 1.020044561107659620e+00
3.932437809260520140e-02 2.498324100740801115e-10 4.997874969953153660e-06 1.819583748690635883e+00 9.971159850771810218e-01 1.020630618122627453e+00
4.181956915262306784e-02 2.515521856627704406e-10 5.032290683204208058e-06 1.851588740378357079e+00 9.970167604187670785e-01 1.020928889056713640e+00
