1.191588345343362443e+00 2.260684905159300762e+00 1.699345233900841246e+00
1.350270131666017948e+00 3.042917434860973991e+00 1.993487113289622803e+00
1.419176607156177328e+00 3.203064256944823107e+00 2.207353734691541725e+00
1.332007846601817258e+00 2.470272492635481321e+00 1.974499567795704902e+00
9.843168798044932277e-01 2.874036334431635087e+00 1.921780393319854952e+00
1.133332131281028721e+00 2.462177632463816046e+00 1.903230114104763393e+00
1.153575531886376959e+00 2.531547128341411046e+00 1.864456662449674784e+00
1.079058877578226605e+00 2.540882607063174259e+00 1.973202314088945419e+00
1.095990620147288430e+00 2.790916381319498374e+00 1.981305961043657637e+00
1.318603403743884295e+00 3.145406243613578567e+00 2.365852015898683991e+00
1.169847480796126105e+00 2.553335164776625810e+00 1.631862788138084275e+00
1.211317785796565571e+00 2.242834811162665698e+00 1.813550975041473112e+00
1.155263295158713399e+00 2.553479372350575538e+00 1.963521769153843355e+00
1.181697157542863419e+00 2.561850028840467974e+00 1.926360245543643934e+00
1.162430963113060711e+00 2.379624958229169085e+00 1.865309180938354183e+00
1.262657818736275139e+00 3.001709481508669342e+00 2.033278752289199076e+00
1.070049385516945728e+00 2.897677822353915023e+00 2.016862983705138390e+00
1.495324813391184726e+00 2.502746020011362482e+00 1.539508471833269221e+00
1.027286069700228843e+00 2.842767446141011511e+00 1.841470882900597683e+00
1.314844526479389542e+00 2.738333577785448725e+00 1.903830163045597379e+00
1.498942271725265174e+00 2.886341169736686307e+00 2.026949480520590097e+00
1.138139354467186948e+00 2.904397662607956843e+00 2.056120837695307291e+00
1.152658517037878028e+00 2.217407629787763401e+00 1.711943532839035997e+00
1.225781995605173869e+00 2.869795378535248798e+00 2.234261353512189352e+00
1.766581795453457060e+00 5.071855874488999660e+00 3.044352912325769545e+00
1.103330526258225808e+00 2.368289734281232128e+00 1.873957382553748996e+00
1.087007341165206586e+00 2.994426226391203372e+00 2.168384607500637884e+00
1.667412853497449721e+00 3.613856281319582475e+00 2.585057779078436369e+00
1.342439906811710992e+00 2.706870578698546304e+00 1.601645707231463378e+00
1.020382812420446150e+00 2.849395190827026081e+00 1.948416486075015497e+00
