9.589762493608852689e-02 4.870584329457794404e-02 3.330311724980495325e-01 1.038173749238532340e+00 9.875424800291721095e-01 9.881378774153490863e-01
8.878796123882559677e-02 4.957151381673072232e-02 4.956987976148519853e-02 1.027086053607294103e+00 9.884671374112763420e-01 9.884811581191049745e-01
8.551522972102862385e-02 4.550529543383510095e-02 4.550391002251345102e-02 1.021565287547356871e+00 9.886310532684724484e-01 9.937998519087920535e-01
9.722791405148606403e-02 5.738178336145800806e-02 5.738019044215806469e-02 1.035314778288149773e+00 9.890506820699292989e-01 9.890094847068262585e-01
8.791338022698245991e-02 4.519260629157387937e-02 4.519119142200406919e-02 1.017627233635755690e+00 9.885790480125579149e-01 9.893289936990724565e-01
9.453379070415135477e-02 4.897274136067085448e-02 4.897128889949186464e-02 1.015606289521745920e+00 9.914201782829259457e-01 9.912896856598794049e-01
9.113465339406412458e-02 4.775506304943010621e-02 4.775354513070407397e-02 1.022564361066716998e+00 9.886587185071425976e-01 9.898785537199517037e-01
8.973770761780616723e-02 4.448026722867536725e-02 4.447893190130578628e-02 1.030252812395750173e+00 9.887392405862623912e-01 9.888577587481115483e-01
8.658741869857275453e-02 4.335156235880815306e-02 4.335022406202030526e-02 1.033606625249726019e+00 9.883828315508155216e-01 9.886122083332650190e-01
9.186513321830491741e-02 4.664234089556168472e-02 4.664083233070287493e-02 1.027397215939680475e+00 9.862926204494131266e-01 9.867283484189076637e-01
8.466870840034122769e-02 4.549611981984671982e-02 4.549476939471162190e-02 1.021643777098596662e+00 9.886743925230029317e-01 9.884388146901662564e-01
8.447196240023620295e-02 4.123491553808328325e-02 4.123366632385502828e-02 1.013887921854704999e+00 9.891865885748167830e-01 9.904023857260705332e-01
8.987635110913455572e-02 4.576863924266635214e-02 4.576722788842112893e-02 1.042529592173723429e+00 9.878710476374104044e-01 9.887583821232105441e-01
8.294245039680217535e-02 4.059288822533319019e-02 4.059165324422485399e-02 1.022086662644007715e+00 9.878876992964493731e-01 9.882012353845025521e-01
8.691812694728655309e-02 4.548296161389755315e-02 4.548135491430833205e-02 1.026823189616156817e+00 9.889748841742458385e-01 9.889793381029857722e-01
8.948334829837903404e-02 4.702092153593647600e-02 4.701958606184265116e-02 1.043380220348539833e+00 9.875950698422875096e-01 9.881850980601234458e-01
8.630904515785170483e-02 4.161887407464603256e-02 4.161770136621214394e-02 1.018793128757756961e+00 9.893998040512352876e-01 9.897279631354141127e-01
8.244752674742213128e-02 4.449841781642393385e-02 4.449715198708440594e-02 1.028919730891429962e+00 9.892208892933201936e-01 9.899326383337063717e-01
9.208862604290533882e-02 5.131215513810856443e-02 5.131063287741675916e-02 1.037731464604173093e+00 9.882067319350024137e-01 9.887602761591546274e-01
8.833218221171644513e-02 4.658233300212927946e-02 4.658114697829802281e-02 1.028657481728822987e+00 9.862029491255284164e-01 9.866888943708906901e-01
8.858842845331658944e-02 4.375988834658204457e-02 4.375852658484227081e-02 1.022230012870478211e+00 9.886451395524682439e-01 9.891981374493826751e-01
8.553234397188920479e-02 4.466923586800821550e-02 4.466773304560506253e-02 1.024169138707299975e+00 9.883206696473451069e-01 9.886471636391487294e-01
9.447870882348220756e-02 4.685309416675326882e-02 4.685172833933768516e-02 1.021842154894934129e+00 9.883222663116021378e-01 9.899414791504962396e-01
9.316986569060048406e-02 5.071321275374687798e-02 5.071197030805425082e-02 1.027402275184663427e+00 9.884474290091355142e-01 9.892229520999685777e-01
1.024500564198860958e-01 5.460987198294332129e-02 5.460833935325529187e-02 1.036531344990645698e+00 9.874714827546483553e-01 9.876351446678629520e-01
9.350142439686462414e-02 5.014666398193488167e-02 5.014512565276886547e-02 1.038404390076415940e+00 9.863998435123931818e-01 9.868472368688397944e-01
8.920615222124726740e-02 4.809207684824584605e-02 4.809028252877196180e-02 1.024463661324100494e+00 9.872556108223766724e-01 9.870702888359759175e-01
8.651447846577436929e-02 4.161662322951701493e-02 4.161504885911513490e-02 1.030869910987804117e+00 9.892529646233442220e-01 9.906047196286401624e-01
9.153624001479175598e-02 4.741576542391969656e-02 4.741443512259641696e-02 1.028779899705325462e+00 9.879971320237163068e-01 9.880441896585063777e-01
8.884268434774804379e-02 4.455578792478408906e-02 4.455415325545707822e-02 1.028210057187147308e+00 9.887040281488473914e-01 9.889929076628761750e-01
