1.096054871544242110e-01 2.623349753481303039e-03 3.184009765037588632e-03
1.056423560203241657e-01 1.304391225679915091e-03 3.750447308859327072e-03
1.573863499104873748e-02 4.191359222011098603e-04 5.662691125154142987e-04
5.031793113868133355e-02 1.139470973905981318e-03 2.541288024983618093e-03
6.692547055939099265e-02 6.900111498132083113e-04 1.312390371082011991e-03
1.553776139634411024e-01 1.088691139523502915e-03 1.941649666547399025e-03
1.078448469672439736e-01 2.054980834625796081e-03 4.251951219014905511e-03
1.370464972521322766e-01 1.216860573753028325e-03 3.610396810127170300e-03
8.400533584193542458e-02 1.392231216960429941e-03 3.110054640218797798e-03
1.471958808718516198e-01 1.573362252710191990e-03 2.385572731746312281e-03
4.722558384490384981e-02 1.013047044345445711e-03 1.288750259806155070e-03
5.956819265257499302e-02 7.119075801770253587e-04 1.180385251165823974e-03
2.092123377853743679e-02 2.318111859793074009e-04 5.601994298333243640e-04
4.130201476737388466e-02 6.048706865485002616e-05 2.413466701406515242e-04
4.682854372518795161e-02 1.020142766698584101e-03 1.364561497918134921e-03
8.007322883955761417e-02 4.229826832986054164e-03 5.568961418011221867e-03
6.970900344351838029e-02 1.200166957895696914e-03 2.378654853616589751e-03
2.008785884891296433e-02 4.317000279084532485e-04 8.679236030020508978e-04
2.145082078135366055e-01 1.669166759357471790e-03 4.759668896461656529e-03
3.517999432473824239e-02 4.057313195633093492e-04 6.107029695476601152e-04
7.545415253726572846e-02 9.618764285115013113e-04 1.543395921998327652e-03
1.180846231953784353e-01 1.871256730885066622e-03 3.453959614643326622e-03
1.002753674426843933e-01 2.593935405137390553e-03 4.647015645213783443e-03
5.521536335193798217e-02 1.030906864458413759e-03 3.077675975662843687e-03
6.504584194952833798e-02 1.409494160542500369e-03 3.779061812679601357e-03
3.315868882217756775e-02 8.377597291518007732e-04 8.561471019975484559e-04
1.978819738171229137e-01 1.391860302896303931e-03 3.449119768639480246e-03
8.920668963138499163e-02 2.656175408314058982e-03 4.312848694514672537e-03
1.468306241565670578e-01 2.215124519976998697e-03 3.124246482782034196e-03
6.131497120691291325e-02 4.374215727354209505e-04 6.425746406844738213e-04
