2.856819859916422122e-02 1.425217070690637175e-02 1.175871573599792871e-02
1.709573558331692821e-04 7.029160395817682459e-04 3.677998067478189248e-01
1.784671546026062679e-04 7.879845956704765227e-04 3.694172097560439183e-01
2.162313911339831633e-04 3.057423049828429228e-03 1.273472904563664396e-02
3.625962269078924008e-04 2.553727232200538738e-02 1.376480577017589330e-02
1.399012753854269042e-01 1.545315312843069111e-01 1.591111771513048501e-01
1.494234923818054761e-04 7.684496912810230259e-04 5.938714695183924114e-02
4.084704051639623007e-04 1.176490229230245767e-03 3.549739233712441711e-01
1.950035002102684049e-04 1.196117166322556435e-03 5.349940902966645109e-03
1.754079169211216133e-04 6.381790440354209292e-04 1.910034923427227360e-01
2.410403334199184746e-04 6.798834405187820923e-04 1.591332464706834426e-01
6.446894990032442201e-03 1.973105079171643544e-02 1.614729319799475815e-01
1.747174695662894307e-04 3.123325894706345616e-03 7.450813998158230256e-02
8.225841672753194203e-05 6.441256814214994710e-04 3.396279913182566612e-01
2.159350479824648228e-02 2.232452870492030242e-02 2.257758956881686027e-02
7.265209733560120320e-04 6.769540916115090795e-04 1.029042679282228812e-01
5.474368871549177736e-04 4.270083813623775379e-04 1.098299456736954961e-03
1.038272412126544855e-04 1.962723467125688376e-03 1.160901761961871323e-02
2.075578640861494258e-04 6.133966326871361820e-04 1.803441805186756786e-01
1.452245607087537371e-04 1.121003705527754682e-03 7.976522816684254724e-02
1.066928468147641178e-04 4.798255723841442807e-04 9.234976086038777007e-04
8.055059745515738871e-05 8.120729866443401760e-04 2.379591443274583773e-01
1.320198578709341319e-04 9.557029149569465842e-04 8.305581595409534945e-02
2.527151058349073344e-04 1.089088034838513143e-03 7.918980734592667714e-02
1.634400978597154149e-04 2.515028905053322099e-03 3.902874572006780670e-03
2.308528913060754458e-04 8.983544262885700613e-04 1.719547211742628312e-01
2.141070968062485117e-04 8.031034260532154924e-04 1.531768158151496362e-01
1.768188008812196597e-04 8.434529011079511295e-04 7.567173137245726544e-02
1.609451056670425646e-04 1.846411086454480786e-03 1.869163311820173576e-02
1.426356742956013703e-03 1.291309351241605279e-03 6.002795909678358688e-03
