1.174286104027847805e-01 0.000000000000000000e+00 0.000000000000000000e+00 5.721737701936950582e-03 5.239584160214042809e-03 5.099500246846247475e-02
1.205086369579551064e-01 0.000000000000000000e+00 0.000000000000000000e+00 1.952439682346105440e-03 3.727847612812478558e-03 5.355707291031760325e-02
1.067428482765659797e-01 0.000000000000000000e+00 0.000000000000000000e+00 1.829491833171652910e-03 2.957057620825878468e-03 4.056038383270864356e-02
1.270597766611192003e-01 0.000000000000000000e+00 0.000000000000000000e+00 1.181608556733949097e-03 1.494222562600699879e-03 3.757346944213199591e-02
1.868097254391200279e-01 0.000000000000000000e+00 0.000000000000000000e+00 1.727963846347478323e-03 1.352938152262149430e-03 4.995048809966009390e-02
1.290721454145790370e-01 0.000000000000000000e+00 0.000000000000000000e+00 2.216442532857818091e-03 4.222430683317822571e-03 5.404563752075831895e-02
1.010687893035809581e-01 0.000000000000000000e+00 0.000000000000000000e+00 8.023687069634035350e-04 1.271514744444088253e-03 2.570810073310941454e-02
1.385810917980367096e-01 0.000000000000000000e+00 0.000000000000000000e+00 7.159777614553408578e-04 2.003982828781841839e-03 5.827655143590505793e-02
1.844967964269394467e-01 0.000000000000000000e+00 0.000000000000000000e+00 2.671408297140214026e-03 9.670623087625557571e-04 6.036262883402666174e-02
1.275313258843769615e-01 0.000000000000000000e+00 0.000000000000000000e+00 7.105239253562074721e-04 4.971589566275614941e-04 5.130981308200892321e-02
1.075422179723874438e-01 0.000000000000000000e+00 0.000000000000000000e+00 7.945319343414097022e-04 1.685286624390960409e-03 3.736373441850946581e-02
1.353405071330867904e-01 0.000000000000000000e+00 0.000000000000000000e+00 6.509680209384560799e-04 2.954403518216358257e-03 4.312771814603152953e-02
8.860137435805956474e-02 0.000000000000000000e+00 0.000000000000000000e+00 1.649074644731544567e-03 2.366630104554305961e-03 4.979056219944850981e-02
1.226522914388329111e-01 0.000000000000000000e+00 0.000000000000000000e+00 1.082034782392148932e-02 8.854497799434349900e-04 4.858082467374723323e-02
1.414822352898483238e-01 0.000000000000000000e+00 0.000000000000000000e+00 2.391806797856123410e-03 2.321995770080596388e-03 6.051743779866844419e-02
1.608842996835702366e-01 0.000000000000000000e+00 0.000000000000000000e+00 3.731038635392831555e-03 2.247721850933995843e-03 3.600078684080329494e-02
1.059086614770638340e-01 0.000000000000000000e+00 0.000000000000000000e+00 4.028160490196649145e-03 1.505400438062132629e-03 5.191146951608239385e-02
1.299121367348651801e-01 0.000000000000000000e+00 0.000000000000000000e+00 1.217440980019885311e-03 5.633283723566852915e-04 3.606591776008728073e-02
9.446102621610606709e-02 0.000000000000000000e+00 0.000000000000000000e+00 3.730038979735441837e-03 3.319009613615418394e-03 3.530412583762949918e-02
1.085788127040871603e-01 0.000000000000000000e+00 0.000000000000000000e+00 1.128180616863883219e-03 7.328425623647214556e-04 3.540448424601998212e-02
1.184728589403309801e-01 0.000000000000000000e+00 0.000000000000000000e+00 1.466174134670223967e-03 1.476148764807909538e-03 4.862002978128576736e-02
1.106186277004659324e-01 0.000000000000000000e+00 0.000000000000000000e+00 7.046103728597263209e-04 8.561220140153453758e-04 5.410214386819060806e-02
1.711130050490382304e-01 0.000000000000000000e+00 0.000000000000000000e+00 2.098065150943048511e-03 1.703034007525772945e-03 6.096277008204945697e-02
1.538526679557146448e-01 0.000000000000000000e+00 0.000000000000000000e+00 1.887163790133484110e-03 2.268385656214294641e-03 5.190419027684495257e-02
1.180939301498871302e-01 0.000000000000000000e+00 0.000000000000000000e+00 1.353824354366361558e-03 1.095530505591593489e-03 2.490333145654658950e-02
1.217871565485240948e-01 0.000000000000000000e+00 0.000000000000000000e+00 1.242931532105959842e-03 6.513162978314114256e-04 4.829924091553141480e-02
1.586850329214513911e-01 0.000000000000000000e+00 0.000000000000000000e+00 1.440210766138209876e-03 5.070713254644333527e-03 3.691692410133171759e-02
1.472805596911508363e-01 0.000000000000000000e+00 0.000000000000000000e+00 1.249105617827137244e-03 1.415696690773012717e-03 4.989327105740811591e-02
1.301419510870152618e-01 0.000000000000000000e+00 0.000000000000000000e+00 1.130356783706666949e-03 2.790558835252526272e-03 2.456493940747973490e-02
1.415527091442785323e-01 0.000000000000000000e+00 0.000000000000000000e+00 1.752873687500481085e-03 1.559777147410195634e-03 6.614097209141961420e-02
