6.249988777035461740e-02 4.166157106227664879e-03 6.710448854567216403e-03
1.745011381132665074e-01 1.585867004133989728e-03 1.886162146040611066e-03
5.734449803376372862e-02 5.958643770478279497e-04 4.178215296989969282e-04
1.051109202199640089e-02 1.150378933327269009e-04 2.944379237350107782e-04
4.300031651532484206e-02 3.241826797517747324e-04 8.758947666220438409e-04
1.580743812618132793e-01 6.341699566291918427e-04 1.017107758824229964e-03
1.259943930642697385e-01 1.954649758691871190e-03 3.628249113310198087e-03
9.893808045903000614e-02 1.391411741892506037e-04 3.242325948507972363e-04
1.423758969244959816e-01 3.902361913733820077e-04 1.618185962083027894e-03
3.264143623421391499e-02 1.389065231943917289e-04 2.866281316180600727e-04
2.196803265528558258e-01 1.225800059292084677e-03 2.195376187155393365e-03
6.582541039602272763e-03 1.070360096268407841e-04 1.257843847179404074e-04
5.038171806973048422e-02 2.497545758328034585e-04 5.338352496617226927e-04
8.304474803372843134e-03 4.151187658717061071e-05 8.594199701166682507e-05
1.842377666066409569e-01 9.824212452256148032e-04 2.117647175107915426e-03
1.334691669819313142e-01 3.561682281240920352e-03 5.964035209504042062e-03
1.058360181940073697e-01 5.847481178788469349e-04 1.409468233434588592e-03
1.909663868958436789e-02 1.556937960089061846e-04 2.650570166426882246e-04
1.350102849031379060e-01 4.211261756209525335e-04 8.819173041367357269e-04
1.206285274342061564e-01 2.784162609393961256e-03 4.466154745209933649e-03
2.716803794778664960e-01 1.953493608834700693e-03 4.691841196363379096e-03
3.489997606128222157e-02 4.972342889053764457e-04 1.383171957191072160e-03
6.930622969005199863e-02 1.325295805374682677e-04 2.163019852204967530e-04
8.463883003528126225e-02 6.707153425374925157e-04 1.493700064108923614e-03
3.909115324022865295e-02 5.938117505854732206e-05 2.461496671659874720e-04
1.155299032821420213e-01 5.570655671491294520e-04 7.859447855924195760e-04
8.027334086388891385e-03 2.576340297332730474e-04 1.531771335849261889e-04
5.311658619059196618e-02 1.290125798594950191e-03 2.283105166441682602e-03
2.651144753574578156e-02 1.220736019092184257e-04 1.814290806630856814e-04
1.056355074056467697e-02 3.842434765557841986e-03 4.307561036395924151e-03
