1.450398512913434190e-01 2.537929890206332226e-03 4.663612953013770469e-03
1.841101948046897363e-01 4.274717787081290694e-03 7.038778510757697296e-03
3.106471262845703768e-02 4.523268555936315639e-03 6.031467706242285565e-03
1.172936056994767634e-01 1.809117265240167780e-03 3.404566996096932731e-03
1.255740071291345794e-01 3.078455995154088815e-03 4.202320425981782674e-03
4.071518836411856107e-02 6.504881681564348914e-03 8.862010167698976260e-03
1.273489602522040187e-01 2.407433681002561256e-03 4.916867190998246845e-03
1.199248892218849338e-01 4.170019579581177825e-03 5.168279233363225027e-03
1.303065618284970917e-01 2.022767288975747379e-03 3.972742585319079256e-03
2.402341651013888968e-01 3.593234737869862704e-03 6.530137780084215200e-03
1.254982034676651315e-01 3.185346501560327049e-03 4.830872799965501771e-03
3.259791759960559143e-02 4.325943999144053580e-03 5.298144111952906438e-03
6.276561241313753647e-02 4.356131670484020800e-03 5.907679285698879366e-03
1.755030707316346805e-01 2.384003988038626599e-03 5.684630690741541634e-03
1.518091600012042020e-01 4.754965886669932675e-03 8.997096942052184090e-03
7.277508182477056276e-02 2.928990933198091090e-03 4.961484816577650496e-03
5.694894809551222237e-02 1.966999838648385204e-03 4.511643214063039940e-03
4.104115585503292918e-02 2.310034846257685327e-03 2.284525912777096886e-03
8.905509974932637740e-02 2.814890713972586361e-03 5.626893790808491606e-03
2.233753279091038602e-01 2.515078378708852491e-03 4.149057867993541024e-03
2.394156062456823802e-02 9.082939754105209210e-04 1.207892700774865343e-03
8.531266595071503034e-02 2.411220868979616506e-03 3.207426510006975220e-03
1.049161742342400033e-01 2.463483741153387613e-03 4.070543642214566500e-03
1.793717879668219606e-01 3.659273014420063013e-03 5.361986215552917538e-03
6.149620553988034005e-02 3.495162331768941321e-03 4.449450282552344996e-03
1.745158926535875232e-01 3.111970911384475628e-03 5.218301052815489671e-03
1.033912881652993554e-01 2.594478948465004774e-03 5.072268356000843824e-03
1.041958805541191857e-01 2.086528187443579575e-03 4.597303603103146050e-03
4.333327038060007241e-02 2.930083506931223988e-03 3.611480616252521047e-03
9.814174829304742054e-02 4.866333311007044367e-03 6.314891460023382662e-03
