4.182734434511051758e-01 7.865447925205397428e-02 7.544520835916705692e-02 3.237096048838384449e-02 5.403825070971463723e-02 1.193221009246974301e-01
4.675837923492083270e-01 1.095269957959165014e-01 1.095269957959165014e-01 2.639855838010616434e-02 3.740656881435023423e-02 9.337381617379565679e-02
4.142697488102003445e-01 7.307946074569335315e-02 7.307946074569335315e-02 3.618787238385530458e-02 6.852360929492297414e-02 2.610209527175722410e+00
3.914142333132494822e-01 9.737274659395658838e-02 9.737274659395658838e-02 4.546214527361262803e-02 5.761114018307057771e-02 1.521115538965629455e-01
5.551620146589026916e-01 1.186504657842965410e-01 1.186504657842965410e-01 3.417680389746111796e-02 8.507252806185462701e-02 1.573161999928191224e-01
3.249954515831452451e-01 9.088884699803967404e-02 9.088884699803967404e-02 4.148130915845312655e-02 6.904017627553932224e-02 1.357661765693676525e-01
4.327992840493283810e-01 6.701099670140869824e-02 6.701099670140869824e-02 4.745068388353689687e-02 2.916430710055023870e-02 2.094522236173737839e-01
4.500726200683581313e-01 5.812302259763581225e-02 5.812302259763581225e-02 2.802584027097775390e-02 4.229507549519793963e-02 1.566274411356821938e-01
5.304633421747527722e-01 5.757709188747983653e-02 5.757709188747983653e-02 2.669717419745219061e-02 6.344968657542479629e-02 1.212497421017878219e-01
3.083550403136248730e-01 5.625423500860006476e-02 5.625423500860006476e-02 2.746771671539668946e-02 6.932870607910510130e-02 2.146621870419450628e-01
3.571911295970712774e-01 9.521708904777094473e-02 9.521708904777094473e-02 2.379687769512015688e-02 4.475729694755938015e-02 9.070268874967431227e-02
4.454387989859276975e-01 6.907361899823766249e-02 6.907361899823766249e-02 2.913034823319402000e-02 4.301977421612433045e-02 1.499013911492474427e-01
3.943712307071074452e-01 4.747251306457744846e-02 4.747251306457744846e-02 2.741636078966551079e-02 5.406172819269775692e-02 1.343147290611367561e-01
4.487810395131714425e-01 4.658863824901365858e-02 4.658863824901365858e-02 2.324777677969947290e-02 3.629014950473525430e-02 1.078498655648737897e-01
3.696198477713490971e-01 9.367195803563957424e-02 9.367195803563957424e-02 4.276878633701104715e-02 3.980451772972248836e-02 2.230113997355870903e-01
3.571147321610976810e-01 6.922044775978440645e-02 6.922044775978440645e-02 2.447398234044030965e-02 3.078564058939376596e-02 2.039120876848641017e-01
3.668909868490153325e-01 5.104983986480162578e-02 5.104983986480162578e-02 2.717062248281407882e-02 3.970375178350326467e-02 1.152922231338223830e-01
3.671971498676996348e-01 8.745178666490044384e-02 8.745178666490044384e-02 2.127602863792657506e-02 2.845740796165682415e-02 1.126088767643107363e-01
4.374277871176630028e-01 6.758425788799252154e-02 6.758425788799252154e-02 3.807677741349491801e-02 5.707718546752035133e-02 1.032068921289178987e-01
3.859242447177955726e-01 9.842456000620970757e-02 9.842456000620970757e-02 4.698166128293163046e-02 9.673743123614178541e-02 2.562829836902273950e-01
2.890058649557021297e-01 4.862085805324231624e-02 4.862085805324231624e-02 2.186025118016659066e-02 3.474533732819827525e-02 1.172451653722163256e-01
3.365621112400745130e-01 5.161748494466665560e-02 5.161748494466665560e-02 4.269646132710171876e-02 3.981652618501730495e-02 1.509185772961436078e-01
4.115253858943921372e-01 8.561099864762429512e-02 8.561099864762429512e-02 2.979715312477250813e-02 4.040056568304207368e-02 1.485602383895229806e-01
5.639148773767488354e-01 8.534728545865041816e-02 8.534728545865041816e-02 5.684668738658829601e-02 6.193057747314121425e-02 1.796778564399012790e-01
3.925477116838525515e-01 8.924801450426121663e-02 8.924801450426121663e-02 3.357201282371532342e-02 4.910586527004939111e-02 1.936309414452765110e-01
4.618689598620940862e-01 7.544901592942369895e-02 7.544901592942369895e-02 1.922791981884999085e-02 2.923643774027169517e-02 1.006314469505203146e-01
3.626105007597346663e-01 1.115207120483879127e-01 1.115207120483879127e-01 2.672223224374055753e-02 5.091822247481390257e-02 1.761197629976020140e-01
4.389173944148140882e-01 6.225190627420027628e-02 6.225190627420027628e-02 1.599936333207795797e-02 3.356329806333872845e-02 1.274434652223563613e-01
4.710955392981073797e-01 7.451566976242701701e-02 7.451566976242701701e-02 2.898407542768785886e-02 3.990523207468400779e-02 1.120781189161832864e-01
4.177598410937041762e-01 6.232094805554132255e-02 6.232094805554132255e-02 2.496097520412714557e-02 2.489250260719574892e-02 1.219177517676333783e-01
