9.507788723461575442e-01 9.157077846807319954e-01 9.249880727002012248e-01
9.999857528739124479e-01 9.872574442645472015e-01 9.793107572119067461e-01
9.187708425596098349e-01 9.220713920391233609e-01 9.439092092606585771e-01
1.059328130815554214e+00 1.063693974323535185e+00 1.070466117044503562e+00
8.883636837809806286e-01 9.016789568070926464e-01 9.082817877263194006e-01
1.004206182369083988e+00 1.000708682141526529e+00 9.924599824763682410e-01
9.507328182346108658e-01 9.527572156260568637e-01 9.599363942915027925e-01
9.599431124323234421e-01 9.548103925613840026e-01 9.603802514475453522e-01
1.002370248425555443e+00 1.016837217207635424e+00 1.018433014990355101e+00
9.136577886109258362e-01 9.161570314041382890e-01 9.427147695653456116e-01
9.254400621943654759e-01 9.328392756014414200e-01 9.365021976736886966e-01
9.559080258366245975e-01 9.625015123366438274e-01 9.823449291646170201e-01
9.357500853671458785e-01 9.457100319406952504e-01 9.476718840015195822e-01
9.651049287244630737e-01 9.652060449689686683e-01 9.667053730042580728e-01
9.322592446924734544e-01 9.346810852991355167e-01 9.440281876722222965e-01
9.374902008888580385e-01 9.425892864719047637e-01 9.117855105786706327e-01
9.224278957725496886e-01 9.199692869930931050e-01 9.397570644412627239e-01
9.240684786304262932e-01 9.297832211412108139e-01 9.580511160279591154e-01
9.101808095007616339e-01 9.107960110390405095e-01 9.224452670017265765e-01
9.552187827582595547e-01 9.589182861260552304e-01 9.722514670276737325e-01
9.847682637291301777e-01 9.850844799054795375e-01 9.933078693792647407e-01
9.426081327890560857e-01 9.457625449153675978e-01 9.510161307097635408e-01
9.267169981566774073e-01 9.293704552247877837e-01 9.385703316644673500e-01
9.683758747501596265e-01 9.635760284748315918e-01 9.664967423858493722e-01
9.603415467789929716e-01 9.525514253255711328e-01 9.565886357457132894e-01
8.688251138548407360e-01 8.731586644385372908e-01 8.737926426050038886e-01
9.287750984372042939e-01 9.269370308775140010e-01 9.398279534883119402e-01
9.707390520696239644e-01 9.736527474252963943e-01 9.804180334214234183e-01
1.049722614025990985e+00 1.055624929939706913e+00 1.057107800619676574e+00
1.001634121796426635e+00 9.925152722038677044e-01 1.009553995591532471e+00
