1.058141758739286065e+00 9.086763140310261111e-01 9.273587580559268240e-01
1.090916582798389323e+00 9.120163545602493205e-01 9.438147389985158675e-01
1.074967729818528284e+00 9.606309278961173703e-01 1.021362515306431407e+00
1.142875774638464570e+00 9.868219088625305169e-01 1.012026682623292873e+00
1.075327004042001988e+00 9.204131246611850781e-01 9.629965031762167671e-01
1.096527862810843468e+00 9.154163626736696591e-01 9.441895400689911400e-01
1.065499427465970816e+00 9.375360623239428204e-01 9.629816881037540632e-01
1.140782895888925230e+00 9.332272736685606196e-01 9.613532491760471421e-01
1.100074907940948421e+00 9.497625411573904497e-01 9.867659400319979124e-01
1.065287904654127038e+00 8.927583663109699419e-01 9.269820297829840516e-01
1.102034353807673561e+00 9.207934428947563976e-01 9.603684073393953247e-01
1.082999539197742722e+00 9.370806874335076975e-01 9.650858855975780193e-01
1.211475382536715495e+00 1.009372169735184732e+00 1.052493854260290407e+00
1.202729513045160514e+00 1.076243247508060330e+00 1.072491735695813242e+00
1.112756405048505259e+00 9.877995930798085800e-01 1.007408497386395929e+00
1.088323098835573655e+00 9.177888090614233496e-01 9.386490804508912378e-01
1.079317498598620251e+00 9.456488463135842570e-01 9.780352528443237992e-01
1.118729266685521972e+00 1.004337500361077051e+00 1.010636744775886164e+00
1.092178930301977546e+00 9.585615799786134650e-01 9.801988451260377211e-01
1.088928171090004726e+00 9.739496517077496085e-01 9.896517729837398525e-01
1.086927740421394839e+00 9.282111232384160360e-01 9.604873585030196947e-01
1.072789946047940646e+00 9.201128926850563605e-01 9.512885259988346220e-01
1.188996028761842849e+00 9.424247866022926745e-01 9.476765905381469013e-01
1.104067384649560557e+00 9.577808337577387032e-01 9.774437204531734036e-01
1.080045398329979811e+00 9.428481234299727065e-01 9.713905702411648191e-01
1.158308185313968730e+00 1.015672321298878078e+00 1.044407800701515177e+00
1.141766185714379933e+00 9.512459309079625003e-01 9.697737735008927773e-01
1.128052422416154998e+00 9.659188788202395237e-01 9.838883028321654400e-01
1.204190124196526046e+00 9.711270265424694070e-01 9.747731182447714193e-01
1.116946359104304509e+00 9.404355820313331504e-01 9.709034016325065464e-01
