1.118566335101450537e+00 1.010882611009912946e+00 1.024586402789265271e+00
1.149956702062952862e+00 9.898452359140136325e-01 1.000218243314002331e+00
1.115297980803339639e+00 9.984395318871545077e-01 9.993982411074341377e-01
1.136686560035238491e+00 1.023581451624495875e+00 1.048314802587071437e+00
1.057069001918042872e+00 9.199404942320326128e-01 9.513590309852126836e-01
1.089276390628486801e+00 9.525016430027547498e-01 9.803111491187579407e-01
1.123438631311234115e+00 1.024891546335767289e+00 1.041359963931700605e+00
1.073295670602313567e+00 9.664198542893748245e-01 9.784227472697284433e-01
1.105735582541044870e+00 9.613451659304659280e-01 9.777338537740929425e-01
1.104185016208989234e+00 9.388061761650333681e-01 9.585569188958686926e-01
1.153845488089506599e+00 9.847142397110364431e-01 1.012740257624497264e+00
1.126673413423968650e+00 1.008366441709806605e+00 1.020571041740162777e+00
1.139296565596586319e+00 9.849860504964540464e-01 1.011408440195357361e+00
1.071885545785289606e+00 9.089460210265020157e-01 9.300067640961182658e-01
1.141870471183392466e+00 1.029011777823568563e+00 1.040681873937961965e+00
1.088142904040160230e+00 9.775569833994308677e-01 1.000937809398243505e+00
1.083566343707823121e+00 9.789394882535699116e-01 9.939003279245475220e-01
1.140063041078177575e+00 9.720873298848315969e-01 9.896930592783920178e-01
1.133177745001320735e+00 9.847566766458007992e-01 1.005798254472163533e+00
1.100450786038340123e+00 9.658681921530953840e-01 9.768363786638777357e-01
1.090056656577898186e+00 1.043331728398434910e+00 1.000139191499501701e+00
1.052282752430681256e+00 9.585051680292766552e-01 9.715173258628611030e-01
1.087674371515034544e+00 9.834916280272488764e-01 9.984313715738544204e-01
1.123727202179014339e+00 9.844171670073441627e-01 9.978551309686647386e-01
1.146099374164041063e+00 1.088485135152165162e+00 1.079876867651797578e+00
1.129603756445664242e+00 1.007302140212642749e+00 1.019026373336601399e+00
1.099035400291348274e+00 1.005593383487464854e+00 1.019252075297750748e+00
1.100902944890006951e+00 9.936183680407645324e-01 1.007957211223215577e+00
1.100998006321194600e+00 9.889344834343446466e-01 1.011289106860838061e+00
1.134112391419458632e+00 1.011608909709736936e+00 1.019525499892395937e+00
