2.350733352267052600e-01 6.429251111369651550e-01 6.429168619036602639e-01 1.108009244631437113e-06 6.473988128805222009e-02 7.813956718738195661e+01 1.030185145856416629e+00 3.958725705010070151e+00 1.463442509668431590e+00
2.535820253982270511e-01 6.694616200398106898e-01 6.694493858901866545e-01 1.031403103459746314e-06 6.135470117029116072e-02 2.125522392091840800e+02 1.057124807736089744e+00 3.379353448259760473e+00 1.346641484164098346e+00
2.429146435108104074e-01 6.950790615347487433e-01 6.950717292594019714e-01 1.070880219571335282e-06 6.673952312788369867e-02 5.076018964241551146e+01 9.999953336216944599e-01 2.944434592094530956e+00 1.237066939301334267e+00
2.439637092718656142e-01 6.187427872324395839e-01 6.187338025979929323e-01 1.065035831425620322e-06 5.745595304570861456e-02 4.507452419325617399e+01 1.004908720513732590e+00 2.645862033218832288e+00 1.250788689444581880e+00
2.047201927364090401e-01 5.004558945427564076e-01 5.004483774181989197e-01 7.729773539683629628e-07 4.820853444916478603e-02 1.297027843100251800e+02 9.764052744557338848e-01 2.713045863731687657e+00 1.353183658513358090e+00
1.780673083254838973e-01 4.894899214947177057e-01 4.894846118268576518e-01 1.011740079973653786e-06 5.293309314868669541e-02 1.593061433280707604e+02 1.077605133835942475e+00 3.292518475680919821e+00 1.446596600757112272e+00
2.324407792749100810e-01 6.010004434863017719e-01 6.009910566543699151e-01 1.087482276478241623e-06 5.932385108719825939e-02 6.498012438442407301e+01 9.980858111369886876e-01 3.909995924683633550e+00 1.423485424158551282e+00
2.480259008052546066e-01 7.344805644111809251e-01 7.344713372359162884e-01 1.079973614570461902e-06 6.450425944624649244e-02 8.593452073871978314e+01 1.058953379033745090e+00 2.466472820731374416e+00 1.255554581164212813e+00
2.313535148907143180e-01 5.588706858048180237e-01 5.588660659922152218e-01 1.008801300863974067e-06 5.762870248596602823e-02 7.183343854095544145e+01 9.889736485697514512e-01 2.435815640183876418e+00 1.191490906332330013e+00
1.986743046377329180e-01 4.939039749322335915e-01 4.938969628794868116e-01 7.982552696025670558e-07 4.426680129803331476e-02 4.940585320066958985e+01 9.575035022010855990e-01 2.561002301957701288e+00 1.238760678558799455e+00
