1.443655829147477032e+00 1.375977270844025746e+01 1.375941895862374942e+01 1.387520240161207496e+01 6.936184875990518695e-01 3.652404765074687987e+01 1.261525883004714021e+00 1.607137706567690616e+00 1.272954832573911954e+00
1.938031448657104860e+00 1.689098788277810215e+01 1.689057401011536186e+01 2.029913534112407092e+01 7.910280786082025672e-01 7.185730913051412472e+01 1.296713504246576054e+00 1.926647025536871949e+00 1.327640116686577887e+00
1.430928696618038343e+00 1.614709890366078326e+01 1.614679364020381414e+01 1.623338495940679849e+01 1.481523858138128702e+00 2.068666138713503813e+02 1.560584213952492361e+00 2.393432716901188417e+00 1.846569729633631196e+00
4.482330831563087759e-01 1.044758512986283883e+01 1.044722137350585811e+01 8.435684038796010142e+00 3.218939896489951269e-01 5.071827266548626056e+01 1.093604462259305299e+00 1.242507002130044835e+00 1.132368535107753260e+00
8.659682602099940674e-01 6.619773750666725576e+00 6.619601735412245169e+00 6.082033834434017905e+00 4.670968743771072851e-01 4.280650316233366226e+01 1.000629816565834718e+00 1.030677248935446988e+00 1.016968034897976603e+00
1.379242023069653822e+00 1.454245235636205003e+01 1.454192928986190303e+01 1.396443004278945921e+01 4.754528926065624272e-01 3.242103268957667694e+01 1.070499755708261835e+00 1.755435664067766188e+00 1.132863121020395436e+00
1.260502373278072019e+00 1.835586753477274868e+01 1.835557181323875753e+01 2.871371863696373339e+01 9.640839291113590948e-01 2.807392564938812285e+00 1.577285611881666494e+00 1.603998060653996083e+00 1.522952799826140291e+00
1.324841211538360541e+00 9.555627711796510937e+00 9.555363017982458018e+00 9.764751975442594656e+00 5.338397788894034823e-01 2.934173913815995860e+01 1.121783638110859016e+00 2.152409579725360178e+00 1.181897694673295973e+00
7.636948382393945467e-01 1.178646836166156930e+01 1.178613959727057470e+01 1.265084658760684100e+01 4.658518740942007574e-01 2.666566458057276634e+01 1.079217203612432785e+00 1.299730084638905714e+00 1.143907625743730838e+00
1.675604659936590801e+00 3.115928867246727307e+01 3.115861565462285299e+01 3.669250311535606812e+01 1.452099943688868189e+00 2.733003016047820211e+02 2.643684049521270119e+00 4.068635628829790463e+00 3.638151803037014353e+00
