4.435305290388805860e-02 2.588173631177700940e-01 2.588173631177700940e-01 1.025592942116316242e-01 4.026174243000495839e-02 1.557955696847601046e-01 1.689593781828551133e-01 1.982586363402349169e-03 1.121960429584045217e-02
4.013380960769112604e-02 1.569675923686026375e-01 1.569675923686026375e-01 6.623407728531206795e-02 3.405375357163748645e-02 9.864776169533723271e-02 1.595715905069270690e-01 9.848741040387189952e-04 3.450687584479816567e-03
7.033752413093183678e-03 7.422135814346596250e-02 7.422135814346596250e-02 8.812615744103977078e-02 3.802088945132898329e-02 1.189396627430441000e-01 1.151138122886196380e-01 7.584978107823348373e-04 2.968026837327035310e-03
2.803772904005574079e-02 9.498723436422304434e-02 9.498723436422304434e-02 7.227240622832645234e-02 4.423007608172341287e-02 6.308443988250167500e-02 4.760757351022340544e-02 1.098768729681038432e-03 5.074186444738329124e-03
4.278634232792637160e-02 1.329293418788470571e-01 1.329293418788470571e-01 1.223044536589601161e-01 5.999479714593290020e-02 1.470517709870926559e-01 1.209068221947448979e-01 2.722882541428748443e-03 7.604975761586081455e-03
3.162506100616706284e-02 1.025177579258440830e-01 1.025177579258440830e-01 7.394753066047153600e-02 2.946366788175803358e-02 8.063007867166892273e-02 1.282749798327489921e-01 1.371500689685100369e-03 4.330285252309797744e-03
4.488392598755775592e-02 8.121882230341455344e-02 8.121882230341455344e-02 1.183774606798245616e-01 4.724878795155821459e-02 6.595752162262923102e-02 4.094056158389167838e-02 1.883770267061339728e-03 5.854154965810628823e-03
3.346303171165833368e-02 1.990693945805610821e-01 1.990693945805610821e-01 9.311178238616554803e-02 2.813141025156909447e-02 9.549836991140427112e-02 1.088717195498443008e-01 2.489581956414944029e-03 6.397341056817070111e-03
4.218725909048548495e-02 1.134379918704183365e-01 1.134379918704183365e-01 1.081094788714765942e-01 3.573231628662080356e-02 7.226213986623183927e-02 6.319342869801035378e-02 2.174644495462310818e-03 6.042285600494298053e-03
7.423723623384346007e-03 5.718948530905380856e-02 5.718948530905380856e-02 1.034185377863588856e-01 3.421056616675085399e-02 5.099288424776452638e-02 2.577749758807474506e-02 5.547078739821062910e-04 3.323697955049948437e-03
