1.068222198577052293e-02 0.000000000000000000e+00 0.000000000000000000e+00 0.000000000000000000e+00 8.988929402836855339e-05 6.650504182161884976e-04 2.229591621005478502e-02 1.623552752120070329e-03 5.834108389987233134e-02
9.498579369444580880e-03 0.000000000000000000e+00 0.000000000000000000e+00 0.000000000000000000e+00 1.117380541737020435e-04 6.452080850919956036e-04 1.201341928099152086e-02 3.414782651906238947e-03 4.735888088848767830e-02
1.186329290642734388e-02 0.000000000000000000e+00 0.000000000000000000e+00 0.000000000000000000e+00 1.958709682425621972e-04 3.185649920079497432e-02 1.209960066232001509e-02 1.116502111970109519e-03 4.365864451397297175e-02
1.108961877707924197e-02 0.000000000000000000e+00 0.000000000000000000e+00 0.000000000000000000e+00 9.701119340138805432e-05 6.553619342999086328e-01 2.177981894954989991e-02 9.774496629442314382e-04 4.675475992932874580e-02
1.694031188392764939e-02 0.000000000000000000e+00 0.000000000000000000e+00 0.000000000000000000e+00 1.717215490906438618e-04 1.035115311642102881e-01 1.875197968215013000e-02 9.896193549056623261e-04 5.266965177872000997e-02
1.241567147044831364e-02 0.000000000000000000e+00 0.000000000000000000e+00 0.000000000000000000e+00 4.498178126196640433e-05 6.394986274084853628e-04 4.056123792024242218e-03 4.200418536348157327e-04 8.644583738566535142e-03
1.319073495952419704e-02 0.000000000000000000e+00 0.000000000000000000e+00 0.000000000000000000e+00 3.387897642680950028e-05 2.197581200855035569e-02 1.848513101244054768e-01 1.283977202837359270e-02 4.422588885151545329e-02
1.292408038680994097e-02 0.000000000000000000e+00 0.000000000000000000e+00 0.000000000000000000e+00 1.666381054282802139e-04 1.047587394439425217e-02 1.369344073888925095e-01 1.055263630583206935e-01 1.524293113869019112e-01
1.357187692862297373e-02 0.000000000000000000e+00 0.000000000000000000e+00 0.000000000000000000e+00 1.104260047331435946e-04 1.136145403697046835e-01 2.799224063031429885e-02 1.321395428679128167e-03 4.447542501359224437e-02
5.509932645576141527e-03 0.000000000000000000e+00 0.000000000000000000e+00 0.000000000000000000e+00 9.355544513274198081e-05 7.305106957317844367e-04 5.612698640952477891e-03 3.311283997407334936e-04 1.192988364350769034e-02
