3.303979131814034909e-01 6.882048323676619450e-01 6.882034485059630446e-01 7.306334410565074045e-01 3.500908247613355173e-01 1.397809116286441666e+00 1.110547485004155455e+00 9.108751050236342239e-01 9.663872901243747426e-01
3.756626319691449556e-01 7.877053210372571002e-01 7.877051259254751470e-01 8.295179704362144468e-01 4.000139479541238718e-01 1.403227704195244119e+00 1.109945784439360539e+00 9.953458302848368078e-01 1.024533791904931546e+00
3.843164850200290195e-01 7.932021938400446448e-01 7.932008735627336105e-01 7.323649182161449112e-01 3.881378551359280782e-01 1.411120513456239900e+00 1.183494199139256908e+00 9.540581412721903520e-01 1.035880693014809895e+00
2.645166747075467506e-01 8.319253143941657269e-01 8.319252808430276369e-01 7.574395734167966854e-01 2.025499744762134791e-01 1.406304969563536345e+00 1.065796544823387038e+00 9.575793679778498158e-01 1.012735668178969428e+00
3.200174359022708304e-01 7.474606284974892878e-01 7.474600212512790831e-01 6.789857267851515665e-01 2.636477255629285921e-01 1.407113681239104741e+00 1.119900378818302622e+00 9.459730986154983867e-01 1.003968291983592165e+00
3.893022940716712732e-01 8.556510479881827003e-01 8.556508609882182981e-01 7.966833602843617079e-01 3.028944444178061079e-01 1.406099611681669526e+00 1.127723111210321427e+00 1.022414143455951496e+00 1.076387578433848358e+00
3.412356207381684881e-01 7.911685660038874079e-01 7.911682375042596860e-01 8.625567494355563802e-01 4.069874036481262447e-01 1.186271441295053242e+00 1.183326734116147083e+00 9.995849498765629892e-01 1.104851884772946491e+00
3.597690335199233425e-01 7.565887493835166122e-01 7.565883734530179927e-01 7.584259252839271603e-01 3.007226620336971301e-01 1.403412945393033073e+00 1.182566217013522936e+00 1.084937413984316201e+00 1.112198229949497685e+00
2.779243823136985370e-01 7.527964547998634570e-01 7.527966378714736617e-01 7.665645811177650426e-01 2.519706628129929626e-01 1.397098689874121114e+00 1.086792460671123450e+00 9.692212813794135462e-01 1.002378393200706208e+00
3.963186101412570772e-01 8.005874083999975355e-01 8.005858801180341100e-01 7.399128354353725623e-01 4.031040912402085730e-01 1.410539069984220184e+00 1.148451307763533435e+00 9.021007226271406942e-01 9.827974228825013814e-01
