1.281433921166223455e-01 5.567015072104683762e-10 1.115659958100295287e-05 5.736828801829084972e-08 1.047685068243872294e-02 1.399342003482969110e+00 9.976169802589405222e-01 1.028301444046197943e+00 1.013477752694353251e+00
1.352546077746296649e-01 5.567820516463565430e-10 1.115766840992486001e-05 7.931035572102519346e-08 1.113286821509753069e-02 1.411793811653860420e+00 1.011851966066532604e+00 1.001542693494403169e+00 1.032134782482550639e+00
1.289174763008306968e-01 5.146707713782877926e-10 1.031417583876120150e-05 9.268416236130311134e-08 1.235993703772817962e-02 1.393411846186898284e+00 9.400540039928062530e-01 9.281660064233026031e-01 9.461696804205220745e-01
1.203740200109690156e-01 5.718940826691219521e-10 1.146135400936964391e-05 8.462798857374253600e-08 1.113572980696722961e-02 1.135873134915616811e+00 9.469918081998648374e-01 9.738401462711628875e-01 1.000928044891776558e+00
1.367403427840735708e-01 5.104318741195512745e-10 1.022940373162292659e-05 7.064554448619034357e-08 1.020045191459008349e-02 1.200427194543417730e+00 9.149181559076335901e-01 9.017674224883673872e-01 9.286222201814889887e-01
1.276159949663802085e-01 5.383067982535418179e-10 1.078798190018636914e-05 6.540200549692317833e-08 1.062275214340899221e-02 1.410837776376560271e+00 1.023242646105184228e+00 9.947693906671020159e-01 1.039989962584170424e+00
1.295606607649548991e-01 4.901209746066848828e-10 9.821379225448945274e-06 5.780226488980212411e-08 9.139143829844922559e-03 1.352473923262517363e+00 1.024858674667969982e+00 1.010519160988298859e+00 1.057747699597722635e+00
1.314109018240547100e-01 5.677231651045128391e-10 1.137816647321690184e-05 7.147476397368542660e-08 1.013092063630144368e-02 1.203835366484670821e+00 9.305662458326249276e-01 9.312581944164377568e-01 9.448247103587873452e-01
1.241959609437144202e-01 5.361005477697422002e-10 1.074341882594945735e-05 5.643583464126416968e-08 9.679191394844199187e-03 1.234210071796168595e+00 9.687578703856926099e-01 9.598678452410264184e-01 9.944545946143044102e-01
1.256850676862536764e-01 5.215671102250983213e-10 1.045237053299268991e-05 8.036796658437432134e-08 1.087105168861434226e-02 1.396829060545413892e+00 1.018890133245016427e+00 9.659405970569890920e-01 1.031891615914979354e+00
