2.114255944821590572e-01 1.739495147361013183e-01 1.739308130634033833e-01 2.259277156204648473e-01 2.268951405893874784e-01 8.228802863628891240e-01
1.538410001881708178e-01 1.371563760888150907e-01 1.373663002344937267e-01 2.275181957359590501e-01 1.783516380784956890e-01 1.539337694888838648e+00
1.633893613939471634e-01 1.399749508857532632e-01 1.407893481645955680e-01 1.680131120045181004e-01 1.933792034418219397e-01 4.806565260740028878e-01
1.256358343348903950e-01 1.067301115330613753e-01 1.069956698527538969e-01 1.160754666427031845e-01 4.336461109597343211e-01 3.740426868679212480e-01
2.147360819847246027e-01 1.730689267068089010e-01 1.735703821041199579e-01 2.036695510082797145e-01 2.755388663494878765e-01 1.113342756791011690e+00
1.390336552110679191e-01 1.226449684825760000e-01 1.235313124027810766e-01 1.497752352612309323e-01 2.304679980971413578e-01 5.555611102286200920e-01
1.405582085186278529e-01 1.191622422250750712e-01 1.187997468585965943e-01 1.440685243143611793e-01 2.309037202455886117e-01 6.731234656823341655e-01
1.525491392955265757e-01 1.411072835536552883e-01 1.406984041157389176e-01 1.584194450043293345e-01 1.146557827452962197e+00 6.457733948511136246e-01
1.017412403797480908e-01 8.798090328536802007e-02 8.739120546277714952e-02 1.237633577579188709e-01 1.138976263207955447e-01 9.405692926665812914e-01
1.637840571579154691e-01 1.361575360782391053e-01 1.362550668180317615e-01 1.733047407504601789e-01 3.187783608298079274e-01 4.619078746127436297e-01
2.005343963522587258e-01 1.709234914037338071e-01 1.707066250453709577e-01 2.032338289908988682e-01 1.730955403779272372e-01 7.322111922063755385e-01
1.824453135743376864e-01 1.612583585064531200e-01 1.612052692753509764e-01 1.734620372575064462e-01 1.726363187499077023e-01 9.028209559275796048e-01
2.608920058571353451e-01 2.366291886485252793e-01 2.375915196263440610e-01 2.575661423484651436e-01 5.737133331015747961e-01 9.182259492586719585e-01
2.001103325531604360e-01 1.660745124086063784e-01 1.656237488936567470e-01 2.181892870972486631e-01 2.067942634604303387e-01 9.879413527256369898e-01
1.583865608756906407e-01 1.365120671434112976e-01 1.362330649839839092e-01 2.148589557032235253e-01 1.427180802908016577e-01 1.243486863788132668e+00
1.867664815649024423e-01 1.597601965689432191e-01 1.597841246438778118e-01 1.676996338180412605e-01 2.962055885241138831e-01 1.705476089250063776e+00
1.758743587423150789e-01 1.322502681038133787e-01 1.322454296846278521e-01 1.596601002617492882e-01 2.416867661888066621e-01 4.680472413386485009e-01
1.367596020105964205e-01 1.099145128079674211e-01 1.091563933207247428e-01 1.258718445977546896e-01 4.127680784216152809e-01 8.308199137547096491e-01
1.514791125142374018e-01 1.311115671723202536e-01 1.311896133349045590e-01 1.454934232226198221e-01 4.746306779252317809e-01 1.140697978611419083e+00
1.571606861681902056e-01 1.310115307290924402e-01 1.315624451102195835e-01 2.022259702500883993e-01 1.458346491178224569e-01 6.344933073796638068e-01
1.518788847703422540e-01 1.326815479900533556e-01 1.318161323429934417e-01 1.424166962121729829e-01 6.230755965134082697e-01 3.672090266880676523e-01
1.579597190786931893e-01 1.365250307176106570e-01 1.365710582001777862e-01 1.705902432903112775e-01 1.424669298336459500e-01 7.019246008202104647e-01
1.640739689390644240e-01 1.422872002865721019e-01 1.425684047592212234e-01 1.547882401938845687e-01 3.852787197913442041e-01 8.110135239622138226e-01
1.415294870932786442e-01 1.107620663531427851e-01 1.107315502000230517e-01 1.509097161406983134e-01 1.194113519485956038e-01 4.395564846935264836e-01
1.960912929150361583e-01 1.633010481332733133e-01 1.628715549667613671e-01 1.771582520123457793e-01 7.035857379779963949e-01 9.761432013025488352e-01
1.611088903399420513e-01 1.328616110843131581e-01 1.331700908966761410e-01 1.462581753107672633e-01 1.407024913566634339e-01 1.084367847327649903e+00
1.334566295356815757e-01 1.128294397608407690e-01 1.129731834753605890e-01 1.183011800467777125e-01 7.030238670293632586e-01 8.027805622549705200e-01
2.020143616341185389e-01 1.694589271473969094e-01 1.692970171301396709e-01 1.972319558831008290e-01 3.371751135763449425e-01 1.221195319662663037e+00
1.194884250194033076e-01 1.069167879576917862e-01 1.073737212433712729e-01 1.546885670447864514e-01 1.058233506625557013e-01 7.512337820987528003e-01
2.155731622732777186e-01 1.811495701668636715e-01 1.812058988023857731e-01 2.802264286436701446e-01 2.017505194092815701e-01 4.716770899488692548e-01
