0.000000000000000000e+00
6.138528319599291239e-01
1.262996205233273050e+00
2.025527188542500578e+00
2.683421910925773535e+00
3.715438641893261451e+00
5.022551283501242025e+00
5.763733671556035887e+00
6.179623773512121332e+00
6.803132342683218425e+00
7.853283902142470296e+00
8.260541714947677860e+00
8.533251220777371415e+00
9.441756406086195597e+00
9.801587264488277995e+00
1.026741807849319343e+01
1.047739944743310403e+01
1.110072400497665512e+01
1.168534919490557655e+01
1.217769805175150033e+01
1.237209416616659929e+01
1.276358601055162012e+01
1.320610830368812749e+01
1.374839777906750982e+01
1.392703281356493683e+01
1.443027748094682217e+01
1.473378074429859019e+01
1.527045164571657310e+01
1.565527674513868917e+01
1.605223744737430636e+01
1.626872816081876394e+01
1.676482130776532387e+01
1.732278732128996879e+01
1.785857345831526288e+01
1.852323963381250849e+01
1.901154748750490953e+01
1.937526218541546186e+01
1.971502826366168293e+01
2.010605403587205586e+01
2.078588038542078209e+01
2.124470629842711844e+01
2.135250901566172743e+01
2.168142504732067977e+01
2.199546774588790043e+01
2.251873110036266823e+01
2.315319671442667371e+01
2.339617944296242769e+01
2.382038770876219758e+01
2.402856963873637852e+01
2.440686787472908748e+01
2.454839756958144648e+01
2.482789096893565883e+01
2.527551722900096820e+01
2.554790013685131100e+01
2.572599244448239020e+01
2.595831649114408179e+01
2.605375557022799171e+01
2.635062691787614142e+01
2.671584340171843763e+01
2.696566478081291507e+01
2.707566047875572579e+01
2.712620082910245145e+01
2.725996160419011005e+01
2.743334971614721951e+01
2.784916098290032593e+01
2.821289356521582903e+01
2.837559084265920006e+01
2.847582383772033765e+01
2.866170004222249901e+01
2.897456487260679125e+01
2.907695421839780892e+01
2.924248539946693626e+01
2.957725018621633950e+01
2.963169606927594657e+01
2.977815187326908131e+01
2.998038356930547010e+01
3.011344699555651871e+01
3.029858472754669307e+01
3.047447885714761995e+01
3.061229256397585630e+01
3.094563083065994391e+01
3.099355889259101815e+01
3.112029000228992714e+01
3.115526951485010798e+01
3.131157034116939286e+01
3.150164455319895751e+01
3.162360207441977522e+01
3.175526812311952440e+01
3.188143682197481965e+01
3.190013567451563503e+01
3.206512272524867058e+01
3.213374312193452198e+01
3.222038670524255366e+01
3.226560461394335277e+01
3.243263888905951831e+01
3.262623147139150603e+01
3.272983078780757182e+01
3.277129598200637162e+01
3.291946563009388171e+01
3.295484975608287925e+01
3.304923004026009181e+01
3.316660495119139540e+01
3.333116892347259608e+01
3.341090086049585750e+01
3.354124586946980457e+01
3.361217546930497235e+01
3.381432376584050559e+01
3.397646936344337121e+01
3.403467321624567177e+01
3.408002781661177494e+01
3.419306483624411186e+01
3.426985666410269715e+01
3.438367353460671438e+01
3.450591640714868902e+01
3.453616609229415246e+01
3.469893363073389025e+01
3.470541609221326240e+01
3.477518911124186474e+01
3.491733043056336072e+01
3.513663679320529099e+01
3.514948640331439123e+01
3.519991415798119760e+01
3.526453642928277077e+01
3.537637114291133855e+01
3.545020915485545743e+01
3.545522836217085683e+01
3.550630966211328143e+01
3.555151383859102054e+01
3.590174679161621896e+01
3.608637635732046078e+01
3.613120970267897292e+01
3.628536550165104302e+01
3.637556808026228339e+01
3.644082547707611752e+01
3.652590888121160617e+01
3.669762626675060346e+01
3.685275594074274608e+01
3.690098035721159420e+01
3.698170247846855574e+01
3.704891074743765955e+01
3.713189780579993027e+01
3.736730939631623727e+01
3.753768510648418300e+01
3.759093037209088806e+01
3.765792141765601997e+01
3.780848007135479349e+01
3.789813283010358447e+01
3.801236150068302777e+01
3.805675775430906072e+01
3.818449975214143421e+01
3.831162505830581466e+01
3.836087165521902165e+01
3.839754345185381368e+01
3.843431110044794252e+01
3.852571425608186928e+01
3.862544824284353950e+01
3.871507561181223167e+01
3.873123895934860172e+01
3.873998881593751520e+01
3.875989043263503930e+01
3.880824676623447544e+01
3.892986744425739687e+01
3.894504411346241568e+01
3.901583531173659480e+01
3.907779844298310934e+01
3.925473599805204117e+01
3.946810491481142691e+01
3.952988804178729509e+01
3.966489218566211861e+01
3.981762236701773361e+01
3.994604063454600151e+01
3.998904058946709483e+01
4.004098335216794879e+01
4.005949577807744078e+01
4.009579063109792685e+01
4.023472308528224062e+01
4.034603887205737749e+01
4.037176901524046002e+01
4.046201874798785525e+01
4.055680358057180968e+01
4.059395787362863928e+01
4.063178819304674505e+01
4.065942543443971147e+01
4.078724211271922684e+01
4.088484831478629644e+01
4.097552038476506908e+01
4.099787583831131599e+01
4.108816631755165361e+01
4.114079320142214158e+01
4.117083477977634942e+01
4.119563941915296823e+01
4.122786619525840024e+01
4.124951206006358717e+01
4.141349794455403810e+01
4.141839973156331212e+01
4.145001452481810844e+01
4.146711867237866755e+01
4.147068170618273797e+01
4.154021273965546612e+01
4.155357589097285853e+01
4.158969936919336874e+01
4.158969936919336874e+01
4.160553645181754945e+01
4.171336873707960535e+01
4.171372948375209688e+01
4.172317374757389530e+01
4.176056272802536995e+01
4.177460040764777460e+01
4.181520236114167943e+01
4.192362165852768641e+01
4.199090156695915965e+01
4.200136043997693491e+01
4.211798631076145938e+01
4.222537037764802648e+01
4.223267865519335373e+01
4.224494020536191385e+01
4.224494020536191385e+01
4.227914812988761639e+01
4.231218920126963923e+01
4.237748580520251807e+01
4.243948694986450931e+01
4.246695640515434178e+01
4.257641501423093899e+01
4.261809771509856404e+01
4.269428464731373651e+01
4.273247366833420813e+01
4.273550804281001092e+01
4.279388833995622576e+01
4.282135557519656999e+01
4.286146004011828126e+01
4.296989610436053653e+01
4.301937379443820930e+01
4.313304779673299549e+01
4.313657911334490791e+01
4.315412826477974306e+01
4.326426626324125380e+01
4.330882019248502246e+01
4.342247471609587706e+01
4.347017983947222319e+01
4.353076789305525551e+01
4.354154883356698491e+01
4.360236459437434320e+01
4.360674565083309062e+01
4.360725523236266099e+01
4.363762019114551549e+01
4.367262377549601382e+01
4.371393743971376722e+01
4.373234296676479715e+01
4.375668169826771248e+01
4.377726653091647790e+01
4.381719357752257338e+01
4.382570448659782159e+01
4.385961530304137312e+01
4.388524366594327830e+01
4.393696693540019282e+01
4.398177632342886056e+01
4.401918459697540698e+01
4.403401988521427768e+01
4.406664975665818673e+01
4.406664975665818673e+01
4.406664975665818673e+01
4.406753758153823242e+01
4.425622953232962686e+01
4.426992841034766002e+01
4.427463619178341503e+01
4.429688934837123782e+01
4.431943218863766276e+01
4.434627277772565890e+01
4.435124202029554397e+01
4.436241527156289521e+01
4.442209987273987792e+01
4.446233126199848584e+01
4.459235407296360165e+01
4.464171359366359582e+01
4.475086066880604108e+01
4.482198362052956497e+01
4.482198362052956497e+01
4.484552109026566313e+01
4.486267594281518711e+01
4.489840357113568814e+01
4.493034248288860510e+01
4.493793194998110607e+01
4.496633365319655695e+01
4.500417186740196485e+01
4.503144069934707261e+01
4.504072490129709649e+01
4.506399943580510126e+01
4.506399943580510126e+01
4.508574881466698514e+01
4.510395259405436974e+01
4.516226787959111277e+01
4.518194134806213214e+01
4.518194134806213214e+01
4.518194134806213214e+01
4.518194134806213214e+01
4.520761293568646266e+01
4.522748985676913236e+01
4.524903796002093515e+01
4.528985367639275239e+01
4.528985367639275239e+01
4.532249131697682998e+01
4.535747794561494572e+01
4.543383451567311226e+01
4.551692817339140618e+01
4.552719416126177521e+01
4.557500772638842079e+01
4.558330271648586063e+01
4.566601954732726654e+01
4.570072721411851546e+01
4.570983906487350623e+01
4.572268664574566799e+01
4.575536267414760516e+01
4.575562949318236861e+01
4.581572925688823261e+01
4.583697756803643131e+01
4.594203497172850348e+01
4.595526608287202919e+01
4.598998646476391627e+01
4.600656159465989958e+01
4.600656159465989958e+01
4.601173495556045623e+01
4.601173495556045623e+01
4.604221114944438398e+01
4.606770304858245879e+01
4.606770304858245879e+01
4.609977427418344575e+01
4.610762215996724933e+01
4.610902459630499806e+01
4.611096276509131542e+01
4.617206477832193201e+01
4.622774314441355870e+01
4.624969780351515425e+01
4.624969780351515425e+01
4.626845953583115545e+01
4.628349721362488367e+01
4.628949700339083506e+01
4.631351975516174235e+01
4.636132735885623646e+01
4.639051728769578631e+01
4.643771756237580206e+01
4.644900980683282654e+01
4.644985224908832322e+01
4.644985224908832322e+01
4.647481875340748303e+01
4.653156678783683020e+01
4.653156678783683020e+01
4.653156678783683020e+01
4.654130057545572186e+01
4.656245848197994519e+01
4.656245848197994519e+01
4.657077720700181800e+01
4.658237837286544192e+01
4.660677948238377866e+01
4.663969611230302093e+01
4.668000824014338690e+01
4.674506562644347696e+01
4.676905573399658067e+01
4.678069613154563200e+01
4.690790425554111209e+01
4.692713940906740078e+01
4.694531942074403474e+01
4.694531942074403474e+01
4.694531942074403474e+01
4.694531942074403474e+01
4.696847344461530582e+01
4.697724616356469340e+01
4.699817533671618008e+01
4.699932262017110673e+01
4.702348304527588851e+01
4.704777024281325737e+01
4.711539309279070409e+01
4.711539309279070409e+01
4.711539309279070409e+01
4.711579119561397988e+01
4.718303048384287735e+01
4.719723334601000175e+01
4.721924919887680261e+01
4.724855658958405513e+01
4.724855658958405513e+01
4.727252438312329019e+01
4.729793898644058459e+01
4.730300961341545474e+01
4.731179623106333310e+01
4.732762622163539135e+01
4.739031555275793295e+01
4.741170038733820746e+01
4.742834082280980113e+01
4.744106762496797103e+01
4.748714160514742844e+01
4.748714160514742844e+01
4.748807260752262493e+01
4.749008968017871979e+01
4.750335006716669284e+01
4.752645876083758480e+01
4.754469154187403745e+01
4.754469154187403745e+01
4.754469154187403745e+01
4.754473345490917069e+01
4.755092017306250796e+01
4.757768022061316771e+01
4.761549126293229506e+01
4.762839799778302563e+01
4.764570877969661922e+01
4.764674680678952257e+01
4.765179979530570620e+01
4.766275620655393652e+01
4.767279140577879559e+01
4.768243251180110320e+01
4.771081369017463203e+01
4.771680588634511366e+01
4.773197452828243570e+01
4.775290765944430404e+01
4.776182925984320349e+01
4.777166691684103483e+01
4.780198692566398222e+01
4.782858980034421137e+01
4.783180742472229241e+01
4.784849336482445636e+01
4.785820404986180421e+01
4.795820404986179852e+01
4.796208305348297785e+01
4.797342957394904062e+01
4.797769005145688226e+01
4.801649969805978202e+01
4.804586687342585805e+01
4.804586687342585805e+01
4.807590362085631597e+01
4.807590362085631597e+01
4.807590362085631597e+01
4.807659334492095127e+01
4.808616261806665904e+01
4.808616261806665904e+01
4.808616261806665904e+01
4.810326288905654479e+01
4.810326288905654479e+01
4.810355909277544839e+01
4.816305290010677709e+01
4.817519648582099734e+01
4.818368224860951443e+01
4.820110495761185376e+01
4.826817626055508015e+01
4.830448584769251852e+01
4.832088115333812794e+01
4.833510691727722985e+01
4.836852589770852262e+01
4.836852589770852262e+01
4.837449013472330961e+01
4.838026703558489316e+01
4.838139547644586713e+01
4.845710401800483424e+01
4.845718670509833004e+01
4.849275673965824041e+01
4.854266711040394000e+01
4.854266711040394000e+01
4.854266711040394000e+01
4.854266711040394000e+01
4.855746990983702460e+01
4.857900282779576884e+01
4.857955126799334522e+01
4.859674512978041605e+01
4.865038543029863405e+01
4.865485085285458666e+01
4.867566266902292682e+01
4.867913278096969520e+01
4.868940152438571545e+01
4.871126459565588362e+01
4.872662420783438364e+01
4.873535913372096928e+01
4.877439282505239504e+01
4.878247684677901219e+01
4.880477227135812512e+01
4.885864508955703656e+01
4.892673250705714594e+01
4.892673250705714594e+01
4.897001734071103840e+01
4.907826249337337998e+01
4.908725647611657195e+01
4.910566604593906703e+01
4.911486297111176924e+01
4.913380374321484112e+01
4.918668843253636425e+01
4.919489540433150410e+01
4.922447920964810208e+01
4.922492797980623180e+01
4.922492797980623180e+01
4.928564596039417722e+01
4.929863948006357788e+01
4.931888816499129291e+01
4.932445277291364505e+01
4.932445277291364505e+01
4.936449008435086228e+01
4.944373371165558240e+01
4.944491960286496379e+01
4.944771852237828824e+01
4.945147048517750221e+01
4.946195200280149606e+01
4.948617507643248103e+01
4.949066765542627166e+01
4.950257106675667984e+01
4.950577177461649825e+01
4.954444319805777042e+01
4.954444319805777042e+01
4.958951782813021936e+01
4.963048452049815040e+01
4.967799403125616919e+01
4.968982464824719614e+01
4.969932975994280611e+01
4.971151235071748431e+01
4.977348378841448095e+01
4.977362296228273664e+01
4.979071907200679448e+01
4.979106029638019493e+01
4.979209308327833128e+01
4.981229690570575741e+01
4.982792814671919501e+01
4.983062972479871178e+01
4.985242866448511023e+01
4.989855438055702308e+01
4.990868384796832657e+01
4.993533359068937472e+01
4.993533359068937472e+01
4.994134202182824822e+01
4.994865489341442100e+01
5.001379288038928195e+01
5.001379288038928195e+01
5.002554631105888205e+01
5.002789058224612262e+01
5.002789058224612262e+01
5.003121303439777279e+01
5.003121303439777279e+01
5.003121303439777279e+01
5.003297189332381123e+01
5.004366146197846632e+01
5.005908265034992155e+01
5.007351241489493532e+01
5.007351241489493532e+01
5.009876813668708451e+01
5.010045617768053461e+01
5.011230979947259101e+01
5.014667267340922052e+01
5.016250979166522228e+01
5.016250979166522228e+01
5.018438334434352299e+01
5.019759558434666502e+01
5.019759558434666502e+01
5.019761614446205300e+01
5.020503503073359042e+01
5.020503503073359042e+01
5.021594632359665411e+01
5.021597196339878622e+01
5.023167622325660631e+01
5.024871017032945275e+01
5.024871017032945275e+01
5.025112274882369690e+01
5.026793263173844650e+01
5.028888134296352064e+01
5.031307123586049102e+01
5.034655276040567884e+01
5.038721215975357381e+01
5.041784437341102887e+01
5.042011841120206839e+01
5.042621054698884109e+01
5.045809657796918657e+01
5.047825194353624312e+01
5.049419638215797335e+01
5.050081982445552597e+01
5.050361045801813731e+01
5.053272265898858961e+01
5.054334379985836989e+01
5.054905452169665381e+01
5.055821700847436517e+01
5.056283329804907822e+01
5.056899383369472645e+01
5.058142339497734241e+01
5.060107923102741978e+01
5.061011467357205618e+01
5.067265959570770661e+01
5.072755203014407499e+01
5.075322116579583565e+01
5.076585410563595957e+01
5.079908396893094391e+01
5.080545134923926298e+01
5.081021403726121832e+01
5.081090739594547756e+01
5.083409352866206632e+01
5.093154366211453521e+01
5.094384584172603070e+01
5.099147679368609687e+01
5.102199082154010767e+01
5.104414303319537538e+01
5.104504178633033717e+01
5.104517208399445849e+01
5.106577763211168985e+01
5.108517190008021913e+01
5.109335808197612749e+01
5.111119723028174633e+01
5.113375679771799298e+01
5.113420791161303214e+01
5.115068934984407889e+01
5.115068934984407889e+01
5.116072852327999243e+01
5.120119090269691497e+01
5.120630306269529086e+01
5.122814624834754227e+01
5.123607290999753872e+01
5.126646216212746765e+01
5.126646216212746765e+01
5.126646216212746765e+01
5.131930602813257991e+01
5.132095899739311307e+01
5.132562641355496424e+01
5.134256259878213768e+01
5.134446373839713829e+01
5.135328708311364920e+01
5.141357835192751224e+01
5.142543976363744207e+01
5.144628899802890487e+01
5.147622692854841375e+01
5.151472616956760220e+01
5.152458785525723073e+01
5.153035125310611164e+01
5.153682217386967324e+01
5.153718708981908492e+01
5.155568512758416944e+01
5.160072518105195627e+01
5.160670769067503016e+01
5.169112632312372568e+01
5.170195727454360224e+01
5.170195727454360224e+01
5.172638604129639361e+01
5.173682853687042638e+01
5.174476145229257185e+01
5.176763383166163379e+01
5.176943526100514958e+01
5.177753327012384688e+01
5.178515063963026677e+01
5.178656555449833121e+01
5.179624108540355110e+01
5.180600148441577346e+01
5.184686240570955817e+01
5.185169755058235808e+01
5.185248496578249444e+01
5.190794935492738915e+01
5.192681874094116523e+01
5.192681874094116523e+01
5.194490274195651835e+01
5.195602092222883783e+01
5.196482662214722126e+01
5.201220311912769034e+01
5.201220311912769034e+01
5.201673962647143412e+01
5.204819803463421124e+01
5.207778948303153044e+01
5.208176360989658349e+01
5.208176360989658349e+01
5.210841711151280720e+01
5.211292727704203287e+01
5.212149945130541084e+01
5.214362255857508899e+01
5.216479870817415332e+01
5.216604318702778187e+01
5.218530665883210418e+01
5.218550740040227254e+01
5.218550740040227254e+01
5.218550740040227254e+01
5.221459847673253307e+01
5.223029180423500151e+01
5.223666800018030898e+01
5.225061190678961509e+01
5.225810305503507891e+01
5.225810305503507891e+01
5.225810305503507891e+01
5.226855908966918918e+01
5.229558538700298698e+01
5.229693186874000332e+01
5.229781763773308967e+01
5.230415672837258967e+01
5.230554332497914061e+01
5.231758319000268642e+01
5.231758319000268642e+01
5.234329486223125372e+01
5.234844188704621359e+01
5.235894239193810762e+01
5.238332368724908150e+01
5.238947089600519291e+01
5.241859129088243918e+01
5.247779253659800958e+01
5.251473807212180844e+01
5.251736664466840665e+01
5.256442070762747676e+01
5.256442070762747676e+01
5.256442070762747676e+01
5.257027547597257211e+01
5.259378057754242519e+01
5.259378057754242519e+01
5.260583166958401335e+01
5.261317191665191473e+01
5.261317191665191473e+01
5.263853035631550625e+01
5.267369742239704067e+01
5.268983282259311807e+01
5.269168745755209926e+01
5.271558369686947287e+01
5.271558369686947287e+01
5.271558369686947287e+01
5.279177308703968663e+01
5.279177308703968663e+01
5.279177308703968663e+01
5.281565391528081932e+01
5.282282931583679897e+01
5.282282931583679897e+01
5.287900129001545224e+01
5.289624463463105997e+01
5.289905942011901629e+01
5.289905942011901629e+01
5.292631080958065581e+01
5.295562578132193465e+01
5.295562578132193465e+01
5.297947987551649618e+01
5.299040375669986958e+01
5.301164228244849141e+01
5.301164228244849141e+01
5.305964779291819866e+01
5.307505412474598927e+01
5.307505412474598927e+01
5.307505412474598927e+01
5.308441089255401124e+01
5.311463605976004487e+01
5.312160353292636472e+01
5.312646313546415655e+01
5.312646313546415655e+01
5.314944466372057974e+01
5.315926497236321069e+01
5.316242399995393697e+01
5.316726550332559498e+01
5.318339092077022201e+01
5.319730986682580465e+01
5.328435454341587274e+01
5.328947553128058701e+01
5.329806080192346940e+01
5.334675664005833085e+01
5.336575434087735914e+01
5.337598351260548668e+01
5.340826498812019452e+01
5.340826498812019452e+01
5.340826498812019452e+01
5.345413061528566345e+01
5.345508007178629839e+01
5.345924721990625983e+01
5.346449229489927291e+01
5.348678679230714295e+01
5.350849455111115560e+01
5.354949379173471868e+01
5.354949379173471868e+01
5.356473364055301545e+01
5.358884939328093822e+01
5.364663967071980721e+01
5.365740496434277418e+01
5.368285824916091542e+01
5.370101746475212678e+01
5.374685975352959133e+01
5.380458272817205057e+01
5.384653063873328449e+01
5.387470146492560730e+01
5.390138982070021711e+01
5.390493922861273290e+01
5.392722464373557045e+01
5.393525051604575538e+01
5.395068264887029841e+01
5.396585857162891386e+01
5.399218851577755629e+01
5.399798861899203928e+01
5.402794445101585552e+01
5.404137803329186340e+01
5.404137803329186340e+01
5.404671093928872949e+01
5.404671093928872949e+01
5.404753409614183113e+01
5.408434339407129698e+01
5.408434339407129698e+01
5.408986792475101169e+01
5.409187202100566338e+01
5.409187202100566338e+01
5.410563630410287317e+01
5.410929958167545095e+01
5.412778486616888074e+01
5.412778486616888074e+01
5.418856196751744392e+01
5.418856196751744392e+01
5.418856196751744392e+01
5.421611903468836857e+01
5.421968320645048323e+01
5.427452733868939561e+01
5.428161152765967046e+01
5.430337558359617844e+01
5.433342533146672793e+01
5.435396404134877457e+01
5.435396404134877457e+01
5.435431057003805222e+01
5.435431557688964688e+01
5.435920114184975205e+01
5.439729348167148260e+01
5.439729348167148260e+01
5.440781051377935285e+01
5.440934500387541561e+01
5.440934500387541561e+01
5.441238347636034689e+01
5.445197705552204326e+01
5.446004528552633417e+01
5.448517551279206828e+01
5.450037690963448256e+01
5.450037690963448256e+01
5.450037690963448256e+01
5.450037690963448256e+01
5.451713624764776256e+01
5.453316388229644929e+01
5.454807014788502784e+01
5.457124136016241778e+01
5.457124136016241778e+01
5.457146901100519187e+01
5.460500532954392128e+01
5.460696311038529416e+01
5.460696311038529416e+01
5.461664208921243358e+01
5.461664208921243358e+01
5.462196226310747704e+01
5.465112307972370331e+01
5.465112307972370331e+01
5.465232159693561442e+01
5.467121152205322687e+01
5.470765108369011642e+01
5.472068859000673768e+01
5.472068859000673768e+01
5.472068859000673768e+01
5.472068859000673768e+01
5.472068859000673768e+01
5.472068859000673768e+01
5.473040768594223948e+01
5.474901421957874703e+01
5.478382054139115098e+01
5.478400044379407063e+01
5.480831487977803818e+01
5.481183384962108107e+01
5.483796937104600744e+01
5.484611043354965432e+01
5.487800724555282272e+01
5.488926105859508198e+01
5.489586746111982762e+01
5.489673122120337467e+01
5.489696763634456289e+01
5.491464938074894775e+01
5.492071598525249243e+01
5.492532759731757608e+01
5.492532759731757608e+01
5.492532759731757608e+01
5.492532759731757608e+01
5.495406988563987483e+01
5.495540197793773984e+01
5.495914160659130943e+01
5.495969541567831129e+01
5.498791961114373805e+01
5.499068077581139136e+01
5.503240411833592560e+01
5.505015943889764429e+01
5.507496057388495103e+01
5.507693054788695264e+01
5.508093574648800939e+01
5.508226912922126672e+01
5.510512935152191005e+01
5.510512935152191005e+01
5.510512935152191005e+01
5.510512935152191005e+01
5.515174809473795392e+01
5.515602699801303288e+01
5.515602699801303288e+01
5.527239721366120051e+01
5.530189756703388326e+01
5.530189756703388326e+01
5.530398660959264134e+01
5.531064052213989157e+01
5.531064052213989157e+01
5.534879894474063633e+01
5.542673548537064221e+01
5.542673548537064221e+01
5.547268939401891430e+01
5.556079015618534811e+01
5.565070456097552665e+01
5.568533839905785499e+01
5.581100149843301494e+01
5.591511781395062997e+01
5.593523298856288761e+01
5.602491024550951693e+01
5.604133167732543086e+01
5.607197824408284248e+01
5.617670796412807022e+01
5.620603134105113696e+01
5.620609248544853642e+01
5.621519585662722562e+01
5.622207141004317066e+01
5.622330205875129394e+01
5.623353074134419671e+01
5.623353681934860759e+01
5.624761848046340873e+01
5.625614661116258475e+01
5.625705956775802008e+01
5.626616374518476249e+01
5.632373780867772695e+01
5.632373780867772695e+01
5.633515814535281407e+01
5.633864231118372601e+01
5.633883011826002729e+01
5.635582862507065016e+01
5.636068320093590955e+01
5.643973006518564262e+01
5.647258977495827992e+01
5.648641836295688279e+01
5.649424078348030775e+01
5.656006061875841340e+01
5.657262388799413344e+01
5.659665074232874815e+01
5.659665074232874815e+01
5.659665074232874815e+01
5.663769544012568247e+01
5.667394106761277328e+01
5.670640883199279614e+01
5.671173030277133620e+01
5.671894972672165380e+01
5.673861264361944023e+01
5.675153214301732874e+01
5.675906203206693590e+01
5.677473455520593149e+01
5.677913170442588608e+01
5.678890068538338909e+01
5.678890068538338909e+01
5.681214545355031476e+01
5.683701642468140847e+01
5.684633556447615632e+01
5.685421691451368531e+01
5.687466703874962803e+01
5.687524150498418152e+01
5.688660982155190737e+01
5.690413263676262545e+01
5.693331696145150289e+01
5.695831837186239710e+01
5.696127402413782903e+01
5.698485844956393009e+01
5.701183834202243617e+01
5.702192638261361424e+01
5.702472054920232836e+01
5.713086036522799560e+01
5.713086036522799560e+01
5.718619250082062422e+01
5.719202969035866602e+01
5.721500637791898214e+01
5.723047458486382766e+01
5.723196142938159880e+01
5.723623969656319588e+01
5.724705502558516912e+01
5.726272326791018941e+01
5.729224060208804303e+01
5.729224060208804303e+01
5.731181459943922363e+01
5.731181459943922363e+01
5.731412209313256056e+01
5.732139644752201235e+01
5.732139644752201235e+01
5.737676736793132903e+01
5.738129902708917740e+01
5.740014048683153902e+01
5.740014048683153902e+01
5.742566648047552036e+01
5.743796232939002522e+01
5.744590203692694530e+01
5.745886787747172519e+01
5.745886787747172519e+01
5.745971909981098946e+01
5.745973384733502343e+01
5.745973384733502343e+01
5.747438614247136712e+01
5.747438614247136712e+01
5.747438614247136712e+01
5.749648036872962820e+01
5.751258890701376458e+01
5.752442916938143469e+01
5.752442916938143469e+01
5.752638782835903442e+01
5.753499436307852477e+01
5.754996280087851801e+01
5.755448161239239369e+01
5.758018143035253900e+01
5.759834671590880362e+01
5.760031848406936206e+01
5.764178565042865898e+01
5.764457377067577681e+01
5.767385773870066146e+01
5.768080929203078711e+01
5.769679375293564760e+01
5.772596182365525408e+01
5.773046188970062076e+01
5.774908368068727071e+01
5.774908368068727071e+01
