0.000000000000000000e+00
8.833494867077968493e+00
9.782032293885110974e+00
1.056099721908564604e+01
1.134511578323945713e+01
1.173024602699111263e+01
1.260308785580827262e+01
1.351290690875608647e+01
1.389613836353316678e+01
1.444622051306659216e+01
1.461986448595285637e+01
1.519107969227106025e+01
1.529762498451773212e+01
1.552525726294026498e+01
1.567607012826868029e+01
1.596416958013012710e+01
1.616077880057125071e+01
1.647181213206802397e+01
1.676087032233364837e+01
1.688468683836606843e+01
1.709775139559511103e+01
1.750258811801463210e+01
1.763784263004775354e+01
1.790301269025525244e+01
1.810808935644423556e+01
1.828330662277445384e+01
1.842560175540057443e+01
1.854919810681064973e+01
1.871458515284135871e+01
1.882855573523997350e+01
1.902887457818287942e+01
1.914189990543673758e+01
1.925750705692690801e+01
1.937097096107368444e+01
1.950130599073250082e+01
1.962323047315067370e+01
1.969332907644588104e+01
1.971486488731897069e+01
1.983702976289047371e+01
1.988965965893511623e+01
1.993386413175149130e+01
1.996636223241417341e+01
2.017137657037975984e+01
2.023061099083575698e+01
2.039822060053635511e+01
2.042582243900553962e+01
2.055183610305251207e+01
2.060518231627656505e+01
2.061160886062379305e+01
2.066713970966765146e+01
2.066827535385233361e+01
2.068376022470851794e+01
2.070250848092326379e+01
2.070531733710222966e+01
2.070976520995570169e+01
2.073892238014851586e+01
2.075624313999551163e+01
2.082000382757552970e+01
2.090332116112754335e+01
2.095085208381285469e+01
2.095086059175089943e+01
2.097318855397534421e+01
2.105108711207146044e+01
2.108989750126461615e+01
2.109948876887865055e+01
2.118601374007447191e+01
2.122143688672351303e+01
2.129079772774226953e+01
2.132083201121140448e+01
2.132950814794324756e+01
2.133241560936769687e+01
2.135727257552588654e+01
2.140851605797701396e+01
2.142055054979746487e+01
2.143988782299241791e+01
2.154112184467296487e+01
2.154448652430805566e+01
2.154507743616226634e+01
2.154660254841405376e+01
2.157263874562439199e+01
2.169876664449651216e+01
2.173864509616045737e+01
2.174159515047870883e+01
2.174302625938698696e+01
2.176362639554370659e+01
2.181352161119025723e+01
2.183812395277453788e+01
2.184053951111772918e+01
2.185940457212379684e+01
2.187887106478792987e+01
2.190110042760575482e+01
2.192409504210682059e+01
2.192573242707154790e+01
2.195517814330399275e+01
2.196800382114212269e+01
2.197737639061875115e+01
2.198182392097405113e+01
2.198296703515052997e+01
2.200709594580111172e+01
2.201885986049324373e+01
2.202745431412544974e+01
2.203373298497487198e+01
2.204867760815456990e+01
2.207077414562316164e+01
2.208480463435832064e+01
2.210201921729092334e+01
2.211590636229308515e+01
2.211985349611484253e+01
2.211985349611484253e+01
2.212267009016241204e+01
2.212993299459936836e+01
2.212993299459936836e+01
2.214491871349292040e+01
2.214491871349292040e+01
2.214491871349292040e+01
2.217700152964641802e+01
2.217874800790622203e+01
2.218368963218076217e+01
2.218601164420391214e+01
2.218830805683327867e+01
2.221223348432502931e+01
2.225852947146120542e+01
2.225852947146120542e+01
2.226021672625665815e+01
2.226804324300776017e+01
2.230494070687288044e+01
2.231380713645835456e+01
2.231841536519999991e+01
2.231886461676460343e+01
2.232982650453118723e+01
2.232982650453118723e+01
2.232982650453118723e+01
2.235628410934763721e+01
2.235628410934763721e+01
2.235628410934763721e+01
2.235746715711679045e+01
2.237127913557778314e+01
2.237331849156840491e+01
2.238546078051973964e+01
2.241101192085821125e+01
2.244869096985127399e+01
2.245030332361200109e+01
2.245374256957640213e+01
2.247413965546703096e+01
2.249144727336437199e+01
2.251670821599616090e+01
2.252503134427830389e+01
2.252552628029894066e+01
2.252552628029894066e+01
2.253208179979617398e+01
2.253594120683954216e+01
2.254465207796599557e+01
2.255410460346042711e+01
2.255501416835169692e+01
2.255501416835169692e+01
2.255604458006799362e+01
2.255604458006799362e+01
2.255709716251218211e+01
2.255709716251218211e+01
2.257459154583705896e+01
2.257459154583705896e+01
2.258899628109561064e+01
2.259614104939030099e+01
2.260473054718026731e+01
2.261395525258284778e+01
2.262275582065703716e+01
2.262341890357484075e+01
2.262439158621463164e+01
2.263641491551907592e+01
2.266178727095842049e+01
2.269156816817361744e+01
2.269156816817361744e+01
2.269644794350783101e+01
2.269644794350783101e+01
2.272023540480305925e+01
2.272464897691180497e+01
2.273994295789330877e+01
2.273994295789330877e+01
2.273994295789330877e+01
2.273994295789330877e+01
2.274025949905785637e+01
2.274086155609707305e+01
2.274086155609707305e+01
2.274086155609707305e+01
2.274359175957822288e+01
2.276133486575418985e+01
2.277061055342992901e+01
2.277429234128797120e+01
2.278704832260750379e+01
2.278998101853389002e+01
2.279002546994340506e+01
2.279290687481870492e+01
2.279290687481870492e+01
2.279656623447718289e+01
2.280262801880887480e+01
2.280346821844666394e+01
2.281354342680791092e+01
2.281354342680791092e+01
2.281404231454117948e+01
2.281404231454117948e+01
2.281785205452988663e+01
2.281785205452988663e+01
2.284077646025412278e+01
2.284122756606900140e+01
2.284146818332202500e+01
2.284176752608852112e+01
2.284213054250559694e+01
2.284213054250559694e+01
2.284213054250559694e+01
2.285714056409204531e+01
2.286143471198261423e+01
2.286143471198261423e+01
2.289914017535926760e+01
2.289922462625992594e+01
2.289985596375066379e+01
2.289985596375066379e+01
2.289985596375066379e+01
2.290438802533126861e+01
2.290575858328674741e+01
2.290745621912812879e+01
2.290776331549842126e+01
2.290776331549842126e+01
2.291389484297601342e+01
2.291661488745182851e+01
2.292442198955587429e+01
2.292442198955587429e+01
2.292442198955587429e+01
2.292672635343419429e+01
2.292750953317733575e+01
2.293360040208068185e+01
2.293360040208068185e+01
2.296447563903646483e+01
2.296447563903646483e+01
2.296447563903646483e+01
2.296469741850564361e+01
2.297198335233761668e+01
2.297205041819607629e+01
2.297205041819607629e+01
2.297205041819607629e+01
2.301491909990999929e+01
2.302984168010830857e+01
2.303177971058063989e+01
2.303486917776607967e+01
2.304385340585172415e+01
2.304944676728663566e+01
2.305582868273614849e+01
2.305776523928611255e+01
2.305805238316212424e+01
2.305805238316212424e+01
2.306808162286381148e+01
2.307711014796627325e+01
2.307723909044311128e+01
2.307757686246828399e+01
2.308165401297969055e+01
2.308342198136931955e+01
2.308720098221962758e+01
2.310542277860908200e+01
2.310552072684581759e+01
2.312070616002923629e+01
2.312070616002923629e+01
2.312346506460359308e+01
2.312346506460359308e+01
2.313152533131721356e+01
2.313152533131721356e+01
2.313152533131721356e+01
2.331179905913688089e+01
2.331219780049039514e+01
2.332457065720940648e+01
2.332457065720940648e+01
2.333230537825485840e+01
2.335819777325103175e+01
2.335848772658490446e+01
2.337099002623145338e+01
2.337228036300132317e+01
2.340131169107965547e+01
2.341387598591586183e+01
2.341387598591586183e+01
2.341615959938438962e+01
2.341866298426182880e+01
2.342590820462778112e+01
2.342590820462778112e+01
2.343294780526629495e+01
2.343296427877488242e+01
2.343296427877488242e+01
2.343895011113215077e+01
2.343895011113215077e+01
2.343895011113215077e+01
2.343895011113215077e+01
2.344848182544016879e+01
2.344848182544016879e+01
2.345221960764363445e+01
2.345904476567055497e+01
2.346220853451080757e+01
2.346220853451080757e+01
2.346220853451080757e+01
2.348439538876336385e+01
2.348439538876336385e+01
2.348439538876336385e+01
2.348954585437143194e+01
2.348954585437143194e+01
2.348954585437143194e+01
2.349616234545706916e+01
2.349616234545706916e+01
2.349631164126408578e+01
2.350209933641092874e+01
2.350209933641092874e+01
2.350292019165532054e+01
2.355512871037170441e+01
2.356785575005935840e+01
2.356802507231929766e+01
2.356802507231929766e+01
2.357142730725316682e+01
2.357142730725316682e+01
2.357142730725316682e+01
2.357143086208652250e+01
2.357143086208652250e+01
2.357795517345546799e+01
2.357886514810178014e+01
2.357886514810178014e+01
2.357886514810178014e+01
2.358306247528416577e+01
2.358306247528416577e+01
2.358306247528416577e+01
2.359468467877271181e+01
2.360540447031397093e+01
2.360540447031397093e+01
2.360540447031397093e+01
2.360559620909829803e+01
2.360559620909829803e+01
2.360905243979820867e+01
2.360924334349929055e+01
2.360924334349929055e+01
2.361680359888073966e+01
2.361774970729809198e+01
2.361961914407321572e+01
2.361964215653463839e+01
2.362894419387126987e+01
2.362894419387126987e+01
2.363995917165821936e+01
2.364925157812491818e+01
2.364925157812491818e+01
2.365494065112930144e+01
2.365689562917019728e+01
2.365928582754472487e+01
2.365937490755073114e+01
2.365937490755073114e+01
2.365937490755073114e+01
2.366044432023776523e+01
2.366044432023776523e+01
2.366044432023776523e+01
2.366406600078249411e+01
2.366406600078249411e+01
2.366406600078249411e+01
2.366611240626019708e+01
2.366611240626019708e+01
2.366629948657384830e+01
2.367517460468230439e+01
2.367517460468230439e+01
2.367517460468230439e+01
2.367517460468230439e+01
2.367565661435883584e+01
2.367565661435883584e+01
2.367626204341848961e+01
2.367686733262642562e+01
2.368083229667658429e+01
2.368083229667658429e+01
2.368083229667658429e+01
2.368657242319707024e+01
2.368657242319707024e+01
2.368657242319707024e+01
2.368682322232659132e+01
2.368728386586679946e+01
2.368728386586679946e+01
2.368728386586679946e+01
2.368728386586679946e+01
2.368728386586679946e+01
2.368735544696110296e+01
2.368735544696110296e+01
2.368735544696110296e+01
2.368893669057671403e+01
2.368893669057671403e+01
2.368893669057671403e+01
2.368893669057671403e+01
2.369250717198352518e+01
2.369250717198352518e+01
2.369499074730513755e+01
2.370922860590771464e+01
2.370939175969291668e+01
2.370939175969291668e+01
2.370939175969291668e+01
2.370939175969291668e+01
2.370939175969291668e+01
2.370939175969291668e+01
2.371253472030232956e+01
2.371253472030232956e+01
2.371253472030232956e+01
2.371253472030232956e+01
2.371253472030232956e+01
2.371282903707540157e+01
2.371491878636626183e+01
2.373591272272925323e+01
2.373689076093284456e+01
2.374661434744692912e+01
2.374661434744692912e+01
2.374661434744692912e+01
2.374714611715518231e+01
2.374714611715518231e+01
2.375930240047001263e+01
2.375930240047001263e+01
2.375981327858815106e+01
2.375993991288019558e+01
2.375993991288019558e+01
2.376240722329697874e+01
2.376240722329697874e+01
2.376240722329697874e+01
2.376731127645872022e+01
2.376731127645872022e+01
2.376731127645872022e+01
2.376813694663810850e+01
2.376813694663810850e+01
2.377519620249136523e+01
2.377546174952173885e+01
2.377546174952173885e+01
2.377546174952173885e+01
2.377546174952173885e+01
2.377546174952173885e+01
2.377546174952173885e+01
2.377692113429068144e+01
2.377889611360732047e+01
2.378330952976028456e+01
2.378330952976028456e+01
2.378532852498081596e+01
2.378532935385083036e+01
2.378685235289788125e+01
2.378689044539231645e+01
2.378728192907141192e+01
2.380679469117455938e+01
2.380781807240938264e+01
2.380781807240938264e+01
2.380781807240938264e+01
2.381744836937778942e+01
2.381744964958535604e+01
2.381749119336609155e+01
2.381994465659929361e+01
2.381994465659929361e+01
2.381994465659929361e+01
2.382534934880175115e+01
2.382534934880175115e+01
2.382658464592902448e+01
2.382658464592902448e+01
2.382658464592902448e+01
2.382658464592902448e+01
2.384200614210788416e+01
2.384200614210788416e+01
2.384200614210788416e+01
2.384200614210788416e+01
2.385116483752114291e+01
2.385116483752114291e+01
2.385311095866446252e+01
2.385311095866446252e+01
2.385311095866446252e+01
2.385311095866446252e+01
2.385311095866446252e+01
2.385311095866446252e+01
2.385533406314739224e+01
2.385533406314739224e+01
2.385533406314739224e+01
2.385533406314739224e+01
2.385620721554798607e+01
2.386096079082889432e+01
2.386359199271303666e+01
2.386378175357355857e+01
2.386838631987370718e+01
2.386863067075361755e+01
2.386866288286208970e+01
2.389260133877688475e+01
2.389586014466795660e+01
2.389586014466795660e+01
2.389594929834724013e+01
2.389594929834724013e+01
2.389594929834724013e+01
2.389818629616165424e+01
2.389818629616165424e+01
2.389931156719400818e+01
2.389931156719400818e+01
2.390047303467242656e+01
2.392094868008513586e+01
2.392150120811970382e+01
2.392150120811970382e+01
2.392150120811970382e+01
2.392150120811970382e+01
2.392150120811970382e+01
2.392150120811970382e+01
2.392150120811970382e+01
2.392150120811970382e+01
2.392411184672502955e+01
2.392411184672502955e+01
2.392460242646478008e+01
2.393459589453414793e+01
2.393635001872622325e+01
2.393802352166701297e+01
2.393802352166701297e+01
2.394469582023429410e+01
2.394469582023429410e+01
2.394469582023429410e+01
2.394469582023429410e+01
2.394469582023429410e+01
2.394778810289332682e+01
2.394814993576014217e+01
2.394814993576014217e+01
2.394814993576014217e+01
2.394917631386164203e+01
2.394940673579440471e+01
2.394947790815355404e+01
2.394947790815355404e+01
2.394947790815355404e+01
2.394947790815355404e+01
2.394947790815355404e+01
2.394947790815355404e+01
2.394950379836043908e+01
2.394950379836043908e+01
2.394950379836043908e+01
2.395658309525565954e+01
2.395658309525565954e+01
2.395698006753861620e+01
2.395698006753861620e+01
2.400272978288399628e+01
2.400272978288399628e+01
2.400272978288399628e+01
2.400272978288399628e+01
2.400272978288399628e+01
2.400330615303683857e+01
2.400409467606334601e+01
2.400446802567567062e+01
2.400446802567567062e+01
2.400446802567567062e+01
2.400999540621086936e+01
2.401147387979845504e+01
2.402967642740511067e+01
2.402967710814153079e+01
2.403272659389462262e+01
2.403337522280266825e+01
2.404243016278815048e+01
2.404783319144004849e+01
2.404783319144004849e+01
2.404783319144004849e+01
2.404783319144004849e+01
2.404783319144004849e+01
2.405058409103250838e+01
2.405168633774082920e+01
2.406745033517575294e+01
2.406745033517575294e+01
2.406793020053594034e+01
2.406793020053594034e+01
2.406793020053594034e+01
2.406793020053594034e+01
2.406793020053594034e+01
2.406793020053594034e+01
2.406863668860381367e+01
2.406889444871029937e+01
2.406889444871029937e+01
2.406889444871029937e+01
2.406897755977070119e+01
2.406920112070440965e+01
2.407073410181486395e+01
2.407073410181486395e+01
2.407165151337243003e+01
2.408476018761166415e+01
2.408478624816277858e+01
2.408504834832781683e+01
2.408504834832781683e+01
2.408504834832781683e+01
2.408504834832781683e+01
2.415552218929202866e+01
2.415607712230464443e+01
2.429992356099720752e+01
2.430197906540520592e+01
2.430197906540520592e+01
2.430197906540520592e+01
2.431146454728165907e+01
2.431146454728165907e+01
2.431224787062841131e+01
2.431377779206293965e+01
2.431442973652125517e+01
2.431758525716541186e+01
2.432772497298103076e+01
2.432772497298103076e+01
2.432772497298103076e+01
2.432772497298103076e+01
2.432772497298103076e+01
2.432772497298103076e+01
2.432989813356306996e+01
2.433031617845471928e+01
2.433031617845471928e+01
2.433031617845471928e+01
2.433668981009300580e+01
2.433668981009300580e+01
2.433668981009300580e+01
2.433668981009300580e+01
2.433668981009300580e+01
2.433668981009300580e+01
2.434624140191029795e+01
2.434630782781949065e+01
2.434829707848216529e+01
2.434829707848216529e+01
2.434829707848216529e+01
2.434829707848216529e+01
2.434829707848216529e+01
2.434829707848216529e+01
2.434829707848216529e+01
2.434916197296670859e+01
2.435018209687548563e+01
2.435018209687548563e+01
2.435142745980526513e+01
2.435142745980526513e+01
2.435142745980526513e+01
2.436060530736131113e+01
2.436060530736131113e+01
2.436060530736131113e+01
2.436060530736131113e+01
2.436060530736131113e+01
2.436345423685735767e+01
2.436345423685735767e+01
2.436345638790249524e+01
2.436345638790249524e+01
2.436345725616225977e+01
2.439536068520468248e+01
2.439538878793777599e+01
2.439902225370060052e+01
2.439902225370060052e+01
2.439902225370060052e+01
2.439902225370060052e+01
2.439902225370060052e+01
2.439902225370060052e+01
2.439902225370060052e+01
2.439902225370060052e+01
2.439940132000684514e+01
2.440021292326293434e+01
2.440120123345148073e+01
2.441593500963763574e+01
2.441593500963763574e+01
2.441593500963763574e+01
2.442738770298438311e+01
2.442738770298438311e+01
2.442740604598302667e+01
2.442740604598302667e+01
2.442740604598302667e+01
2.442740604598302667e+01
2.443342396846181686e+01
2.444018140019277752e+01
2.444262067119144177e+01
2.444262067119144177e+01
2.444262067119144177e+01
2.444347297760332793e+01
2.444347297760332793e+01
2.444347297760332793e+01
2.444347297760332793e+01
2.444347297760332793e+01
2.444347297760332793e+01
2.444347297760332793e+01
2.444347297760332793e+01
2.444347297760332793e+01
2.444347297760332793e+01
2.445816754988510411e+01
2.445816754988510411e+01
2.445816754988510411e+01
2.445816754988510411e+01
2.445837487838655733e+01
2.445837487838655733e+01
2.446766256390102967e+01
2.446766256390102967e+01
2.446767471047411391e+01
2.446767471047411391e+01
2.446880372798577952e+01
2.446880372798577952e+01
2.446880372798577952e+01
2.446888326949896708e+01
2.446888326949896708e+01
2.446996678752743293e+01
2.446996678752743293e+01
2.447058068324590607e+01
2.447058068324590607e+01
2.447058068324590607e+01
2.447058068324590607e+01
2.447058068324590607e+01
2.447058068324590607e+01
2.448984960238807673e+01
2.448984960238807673e+01
2.448984960238807673e+01
2.448984960238807673e+01
2.448984960238807673e+01
2.448984960238807673e+01
2.448984960238807673e+01
2.448984960238807673e+01
2.448984960238807673e+01
2.449075396732315113e+01
2.449310102845875292e+01
2.449313144637146422e+01
2.449313144637146422e+01
2.449313144637146422e+01
2.449313144637146422e+01
2.449313144637146422e+01
2.449313144637146422e+01
2.449323877644247460e+01
2.449323877644247460e+01
2.453380743731508318e+01
2.453380743731508318e+01
2.453491193443387530e+01
2.453512913575959686e+01
2.453512913575959686e+01
2.453512913575959686e+01
2.453512913575959686e+01
2.454009494947903391e+01
2.454009494947903391e+01
2.454009494947903391e+01
2.454021008743817589e+01
2.454026816983088821e+01
2.454026816983088821e+01
2.454026816983088821e+01
2.454026816983088821e+01
2.454026816983088821e+01
2.454026816983088821e+01
2.454026816983088821e+01
2.454099717414301551e+01
2.454099717414301551e+01
2.454705931140244246e+01
2.454705931140244246e+01
2.454705931140244246e+01
2.454722560707483581e+01
2.454722560707483581e+01
2.454722560707483581e+01
2.454722560707483581e+01
2.454722560707483581e+01
2.454744568353416057e+01
2.454744568353416057e+01
2.454744568353416057e+01
2.454761293707153769e+01
2.456050608238595245e+01
2.456050608238595245e+01
2.456050608238595245e+01
2.456050608238595245e+01
2.456050608238595245e+01
2.456058943333874467e+01
2.456058943333874467e+01
2.456058943333874467e+01
2.456058943333874467e+01
2.456578537131976248e+01
2.456578537131976248e+01
2.456578537131976248e+01
2.456578537131976248e+01
2.456578537131976248e+01
2.456622570610813128e+01
2.456622570610813128e+01
2.456622570610813128e+01
2.456916857128228671e+01
2.458122644764624098e+01
2.458123183153647417e+01
2.458123183153647417e+01
2.459146117082736183e+01
2.459146117082736183e+01
2.459146117082736183e+01
2.459184855748008047e+01
2.459184855748008047e+01
2.459184855748008047e+01
2.459184855748008047e+01
2.459184855748008047e+01
2.459184855748008047e+01
2.459206092821702327e+01
2.459206092821702327e+01
2.460261870438375809e+01
2.460262076418442234e+01
2.460262076418442234e+01
2.460262076418442234e+01
2.460346634312417535e+01
2.460372430049283565e+01
2.460372430049283565e+01
2.460372430049283565e+01
2.460372430049283565e+01
2.460372430049283565e+01
2.460372430049283565e+01
2.460372430049283565e+01
2.460372430049283565e+01
2.460372430049283565e+01
2.460422589969858365e+01
2.460422589969858365e+01
2.460482775496714680e+01
2.460482775496714680e+01
2.463521630564142839e+01
2.463521630564142839e+01
2.463521630564142839e+01
2.463666802891805219e+01
2.463666802891805219e+01
2.463666802891805219e+01
2.463666802891805219e+01
2.464341914366136166e+01
2.464341914366136166e+01
2.464471638737175141e+01
2.464471638737175141e+01
2.465588076061498413e+01
2.465984579956448997e+01
2.465984579956448997e+01
2.465984579956448997e+01
2.465984579956448997e+01
2.466510431561842509e+01
2.466510431561842509e+01
2.466510431561842509e+01
2.466510431561842509e+01
2.466510431561842509e+01
2.466510431561842509e+01
2.466510431561842509e+01
2.467027472323854553e+01
2.467027472323854553e+01
2.467027472323854553e+01
2.467027472323854553e+01
2.467027472323854553e+01
2.467027472323854553e+01
2.467184399685390161e+01
2.467375045601831118e+01
2.467375045601831118e+01
2.467375045601831118e+01
2.467375045601831118e+01
2.467375045601831118e+01
2.467888207139898071e+01
2.467888207139898071e+01
2.468069986443959607e+01
2.468069986443959607e+01
2.468069986443959607e+01
2.468194109245875012e+01
2.468218216715679603e+01
2.468218216715679603e+01
2.468218216715679603e+01
2.468218216715679603e+01
2.468218216715679603e+01
2.468218216715679603e+01
2.468240536993471324e+01
2.468240536993471324e+01
2.468240536993471324e+01
2.468240536993471324e+01
2.468240536993471324e+01
2.468271183801345359e+01
2.468271183801345359e+01
2.468277618847392318e+01
2.468277618847392318e+01
2.468277618847392318e+01
2.468277618847392318e+01
2.468671836918283446e+01
2.469234527570395699e+01
2.469234851523310681e+01
2.469838367479913188e+01
2.469838367479913188e+01
2.469838367479913188e+01
2.469838367479913188e+01
2.469838367479913188e+01
2.469838367479913188e+01
2.469838367479913188e+01
2.469838367479913188e+01
2.469854430871922446e+01
2.469854430871922446e+01
2.469854430871922446e+01
2.469854430871922446e+01
2.469854430871922446e+01
2.469854430871922446e+01
2.469854430871922446e+01
2.470742196900008381e+01
2.470742196900008381e+01
2.470742196900008381e+01
2.470742196900008381e+01
2.470742196900008381e+01
2.470742196900008381e+01
2.470742196900008381e+01
2.470749475146557117e+01
2.470749475146557117e+01
2.471201726368485296e+01
2.471201726368485296e+01
2.471201726368485296e+01
2.471461869009435119e+01
2.471461869009435119e+01
2.471484126511987967e+01
2.471484126511987967e+01
2.471484126511987967e+01
2.471602122297299786e+01
2.471602122297299786e+01
2.471602122297299786e+01
2.471602122297299786e+01
2.471634688623415954e+01
2.472787643995667395e+01
2.472787643995667395e+01
2.476102312788425053e+01
2.476102312788425053e+01
2.476102312788425053e+01
2.476235440563031176e+01
2.476235440563031176e+01
2.476288706795417838e+01
2.477100099622803597e+01
2.477146361291186949e+01
2.477169562828043325e+01
2.477174038297796343e+01
2.477174038297796343e+01
2.477174038297796343e+01
2.477174038297796343e+01
2.477174038297796343e+01
2.477174038297796343e+01
2.477178925305562274e+01
2.477178925305562274e+01
2.477178925305562274e+01
2.477178925305562274e+01
2.477178925305562274e+01
2.477179883002522232e+01
2.477179883002522232e+01
2.477179883002522232e+01
2.477179883002522232e+01
2.477180011768762569e+01
2.477180011768762569e+01
2.477180011768762569e+01
2.477391071418775326e+01
2.477391071418775326e+01
2.477391071418775326e+01
2.478779485400706406e+01
2.478779485400706406e+01
2.480339912343069741e+01
2.480339912343069741e+01
2.480339912343069741e+01
2.480343111475623274e+01
2.480343111475623274e+01
2.480365008175188635e+01
2.480365008175188635e+01
2.480365008175188635e+01
2.480365008175188635e+01
2.480424873656263074e+01
2.480451290329290615e+01
2.481119598608044186e+01
2.481559313530038935e+01
2.481559313530038935e+01
2.481559313530038935e+01
2.481559313530038935e+01
2.481559313530038935e+01
2.481559313530038935e+01
2.481559313530038935e+01
2.482292445883891574e+01
2.482292445883891574e+01
2.482292445883891574e+01
2.482881655600361981e+01
2.482881655600361981e+01
2.482939327272323027e+01
2.483862689224257636e+01
2.483865681306946627e+01
2.483958416761220889e+01
2.484280474238863334e+01
2.484289717552469057e+01
2.484289717552469057e+01
2.484289717552469057e+01
2.484289717552469057e+01
2.484289717552469057e+01
2.484289717552469057e+01
2.484289717552469057e+01
2.484354124223778371e+01
2.484354124223778371e+01
2.484354124223778371e+01
2.484354124223778371e+01
2.484354124223778371e+01
2.484354124223778371e+01
2.484354124223778371e+01
2.484354124223778371e+01
2.484354124223778371e+01
2.484354124223778371e+01
2.484354124223778371e+01
2.484354308112396836e+01
2.485028400455916753e+01
2.485028400455916753e+01
2.485028400455916753e+01
2.485028400455916753e+01
2.485028400455916753e+01
2.485028400455916753e+01
2.485028400455916753e+01
2.485028400455916753e+01
2.485028400455916753e+01
2.485028400455916753e+01
2.485028400455916753e+01
2.485028400455916753e+01
2.485028400455916753e+01
2.485078659188908290e+01
2.485279367927374494e+01
2.485279367927374494e+01
2.485279367927374494e+01
2.485279367927374494e+01
2.485279367927374494e+01
2.485279367927374494e+01
2.485450786992316807e+01
2.485459617933457466e+01
2.485459617933457466e+01
2.485540728911763608e+01
2.485540728911763608e+01
2.485540728911763608e+01
2.485540728911763608e+01
2.485540728911763608e+01
2.485540728911763608e+01
2.485540728911763608e+01
2.485540728911763608e+01
2.485540728911763608e+01
2.485540728911763608e+01
2.485540728911763608e+01
