0.000000000000000000e+00
8.833494867077968493e+00
1.014130784893009718e+01
1.170354002648916492e+01
1.332037302494388520e+01
1.468588945285908309e+01
1.656524350261756240e+01
1.799866950046946812e+01
1.924452310639166086e+01
2.067844491581406530e+01
2.146085023461701624e+01
2.236244250415506585e+01
2.342828202803503856e+01
2.442601335138619945e+01
2.542668115387926875e+01
2.657057236351114327e+01
2.771918081219889274e+01
2.865855571070895991e+01
2.927333308440761073e+01
2.993233026311362366e+01
3.053925842732351015e+01
3.133983394167652747e+01
3.225473859684300493e+01
3.309804393428490954e+01
3.382470678343013049e+01
3.456638391884997930e+01
3.497892742690034851e+01
3.556096277922782889e+01
3.645529930131448282e+01
3.702688136592234258e+01
3.739814951160013834e+01
3.782607639282306167e+01
3.853854871883491739e+01
3.906938111664032931e+01
3.972037519929205018e+01
4.033351083539461257e+01
4.081525214657026623e+01
4.120640051218381927e+01
4.165577297334741047e+01
4.208703492327698115e+01
4.255765116621455491e+01
4.298048139930678246e+01
4.366154381663945827e+01
4.436113083228894283e+01
4.507779311680467060e+01
4.545182548912215026e+01
4.615948893336498315e+01
4.675205042098603769e+01
4.722259415692510487e+01
4.773924535473628339e+01
4.793085932552907735e+01
4.818887346778973324e+01
4.889367781488378739e+01
4.945511734049918573e+01
4.991971821348896299e+01
5.011687063968540912e+01
5.026250601946231455e+01
5.066340066865308245e+01
5.110208511138118581e+01
5.136930048996178755e+01
5.184145641741019972e+01
5.206094596877098013e+01
5.219729154304858554e+01
5.251951228692408336e+01
5.272880680130263187e+01
5.298735721869545756e+01
5.321460485347581937e+01
5.350077231810652734e+01
5.380327104276931038e+01
5.432175306514862712e+01
5.450742399945842465e+01
5.480040871986670226e+01
5.508742201921879200e+01
5.542381591133923990e+01
5.567492677797709888e+01
5.600223295708765647e+01
5.606922200596351047e+01
5.650766871894102650e+01
5.672436660552187959e+01
5.691847432937282036e+01
5.713154389736499184e+01
5.732978181020169473e+01
5.762215989690969309e+01
5.772751146169709102e+01
5.797965447416420659e+01
5.808864808390843137e+01
5.833725231311262149e+01
5.857394396060516328e+01
5.880116879325821344e+01
5.890572579283389132e+01
5.904480683479901870e+01
5.922908153108316043e+01
5.959025664398519950e+01
5.972624606332539088e+01
6.000101109812472799e+01
6.043274597280876748e+01
6.071769134168215487e+01
6.085201869245979367e+01
6.101260860072346048e+01
6.106316799937185635e+01
6.137253471910845803e+01
6.159786538745098738e+01
6.183712904071670380e+01
6.202016087217745621e+01
6.228559333912937745e+01
6.246660964348915002e+01
6.278560274198032687e+01
6.315000847954299701e+01
6.353667530250267248e+01
6.362755409142159380e+01
6.391830641239066324e+01
6.414929412272083198e+01
6.436441119242400077e+01
6.450016246257145269e+01
6.483074866748370368e+01
6.501103022734568526e+01
6.515082764512179381e+01
6.522803420034883004e+01
6.538475636349649278e+01
6.555942692073158184e+01
6.574468845906743297e+01
6.585701397007633773e+01
6.593446005904016261e+01
6.609001067968848986e+01
6.626389000067156587e+01
6.640611418211246075e+01
6.655018553564968897e+01
6.662076351774396699e+01
6.688365698569002404e+01
6.706844832983392735e+01
6.732991636529649782e+01
6.755415333602689998e+01
6.771565651384563012e+01
6.791761191491507077e+01
6.807360035860145331e+01
6.825068321524385340e+01
6.834681571639507069e+01
6.838389193032641344e+01
6.851248511218103943e+01
6.855706002391507070e+01
6.874052555205933857e+01
6.893231109406293911e+01
6.900184397497724831e+01
6.921229857403208996e+01
6.928092268916212504e+01
6.934507081100389314e+01
6.954039574710915872e+01
6.973098674365172656e+01
6.986129604953463001e+01
6.995394504053831497e+01
7.028240783263628089e+01
7.045639608160226430e+01
7.049442736319828384e+01
7.068862977094326538e+01
7.077164077486021654e+01
7.090107629036126013e+01
7.109181636624531109e+01
7.150873447024125085e+01
7.167474907544944074e+01
7.177671576868148406e+01
7.195197374933448486e+01
7.212066408341583212e+01
7.230941291237647306e+01
7.241657002259785259e+01
7.256679245623672614e+01
7.275002824388856482e+01
7.295930065307628354e+01
7.318959602039684853e+01
7.331392240204580446e+01
7.340858951678873723e+01
7.379567086585645086e+01
7.393027871353149294e+01
7.398985599862606932e+01
7.413051502022416628e+01
7.421470465168303576e+01
7.430573347185948307e+01
7.437659239323254212e+01
7.447362616536560154e+01
7.466233122107271925e+01
7.473330852906329369e+01
7.486615840347536732e+01
7.501529959780567935e+01
7.505044579054704457e+01
7.520556334839562851e+01
7.533788500103514707e+01
7.539416933402853260e+01
7.546719031093238073e+01
7.557330273625341022e+01
7.561860334908651282e+01
7.573539117143585031e+01
7.575359664149274863e+01
7.582449528659044802e+01
7.585843027961597329e+01
7.607185919229981153e+01
7.620505547286288106e+01
7.624508207565301632e+01
7.632735487566841925e+01
7.635167077005498015e+01
7.658363568272494604e+01
7.672383131129521416e+01
7.684060418271209869e+01
7.700153483538690580e+01
7.704021140018882363e+01
7.706608177013228556e+01
7.724862030234170618e+01
7.734183266467364604e+01
7.743321480677833790e+01
7.747229353249905159e+01
7.750151008565222810e+01
7.763855289621159272e+01
7.774382602721986757e+01
7.789652674834881907e+01
7.796849934826069273e+01
7.807344413569751396e+01
7.812655420725697297e+01
7.816866921233054200e+01
7.825244668460007347e+01
7.825244668460007347e+01
7.835670871566378537e+01
7.844678275117888688e+01
7.852237268658109315e+01
7.861730396409107868e+01
7.863016545318450312e+01
7.869631415611630132e+01
7.878632430803072850e+01
7.889920647717562474e+01
7.904053086256374172e+01
7.908329518415754933e+01
7.912799816975780232e+01
7.917328877431559420e+01
7.938523338193894574e+01
7.942262625907180507e+01
7.958179297851096123e+01
7.959296693202833239e+01
7.967055488838954602e+01
7.977494511906239438e+01
7.995996663314954844e+01
8.006566961147123607e+01
8.010573456726113761e+01
8.017977819761543401e+01
8.021921600452610335e+01
8.027627513070299869e+01
8.030291173030558127e+01
8.040367481648848980e+01
8.057582440267006518e+01
8.070976700678082238e+01
8.088427064892987062e+01
8.100256831600238172e+01
8.113184655710118420e+01
8.114297585977723770e+01
8.118010120704617805e+01
8.125138038738178636e+01
8.129915551061944257e+01
8.135638842823502159e+01
8.135651749755135143e+01
8.156542653735290571e+01
8.173546962859725795e+01
8.174179074326167438e+01
8.188614038076417501e+01
8.196369353365982136e+01
8.206737595500568716e+01
8.208158746185981158e+01
8.226869764288022679e+01
8.228507404733723263e+01
8.234319041525228045e+01
8.246022890373885161e+01
8.257866492042055029e+01
8.265560056589974636e+01
8.275628004484399014e+01
8.290126138964185998e+01
8.304457137176655124e+01
8.316310067529998662e+01
8.342405460615135837e+01
8.350208067198778394e+01
8.356519867864916762e+01
8.366759012335880641e+01
8.385024486412237366e+01
8.387010112102524317e+01
8.399002430617211701e+01
8.406147839606056493e+01
8.408424532249802041e+01
8.411108939935182605e+01
8.420171262098806153e+01
8.430696232403910528e+01
8.439467055513043192e+01
8.441241444120340987e+01
8.444949381515485243e+01
8.463887249828661652e+01
8.466441068707453610e+01
8.484328905640929008e+01
8.502596246313933648e+01
8.515351594616183206e+01
8.523764428994806508e+01
8.527580292640379866e+01
8.532931491126157653e+01
8.539134309440157722e+01
8.545813467116116158e+01
8.550546836953019181e+01
8.553793882519985914e+01
8.567523737049791066e+01
8.571821629094435480e+01
8.582446770805070457e+01
8.596202094387066950e+01
8.616291022351717288e+01
8.623110077831023546e+01
8.631845663317031381e+01
8.632675162326773943e+01
8.645774807717005217e+01
8.654965629776668834e+01
8.670235412800255403e+01
8.673183893830898228e+01
8.683961318720915301e+01
8.687013536794061963e+01
8.691924252465311440e+01
8.697841090723626678e+01
8.714165345874995694e+01
8.721986629101731126e+01
8.732141407880580175e+01
8.744258416002348611e+01
8.748353319401192607e+01
8.749926791748021060e+01
8.764687540839346980e+01
8.773182922875791689e+01
8.784703137064281009e+01
8.788249195254888946e+01
8.789754292622700405e+01
8.791144696672945713e+01
8.801528881118861136e+01
8.809401508430009642e+01
8.818093206376249782e+01
8.828334825930288332e+01
8.832932239680226871e+01
8.836141322297720535e+01
8.843061094082165141e+01
8.845546551846361183e+01
8.852830884000722733e+01
8.860049521548610585e+01
8.866551479598093977e+01
8.871230238270031521e+01
8.873809412513612926e+01
8.883528450013407962e+01
8.892939356440354004e+01
8.906130845216912917e+01
8.912781325524022691e+01
8.914818223127474539e+01
8.925824007726160403e+01
8.930191049304501405e+01
8.933852238086504371e+01
8.937946693271685206e+01
8.939413251246651271e+01
8.943276191281370302e+01
8.951183109064143650e+01
8.963037541983888445e+01
8.971149009125022644e+01
8.973239379257100268e+01
8.989598575143594417e+01
8.996839621070120074e+01
9.000477454632917329e+01
9.016309560558850933e+01
9.022706881356828035e+01
9.031457904304352269e+01
9.037926690894973092e+01
9.039161933299085661e+01
9.046893644246884492e+01
9.050628306284903601e+01
9.053863006444937866e+01
9.057846720566431031e+01
9.068180804457375643e+01
9.073489417396919521e+01
9.081664868273699653e+01
9.084025099076320942e+01
9.094340153609289246e+01
9.102852141988475410e+01
9.126306804840814380e+01
9.130429919775590974e+01
9.147827846669594010e+01
9.155016313557617025e+01
9.164938947986858864e+01
9.167212871698794174e+01
9.188355835669548810e+01
9.194591809983687369e+01
9.206814263032150336e+01
9.212191249017917016e+01
9.223362995305777190e+01
9.254875410356898158e+01
9.259237862802098107e+01
9.275849328648189385e+01
9.288890154147723877e+01
9.294762005147916284e+01
9.298462273082243712e+01
9.326219211937092268e+01
9.346709898057413568e+01
9.370035555777252512e+01
9.385290419884952939e+01
9.391948544508717589e+01
9.396232020920135142e+01
9.404034404784121648e+01
9.408524164723988292e+01
9.411589280878665420e+01
9.433309239310376881e+01
9.448700651709854981e+01
9.466238977336917060e+01
9.475032873689968937e+01
9.477151713495067042e+01
9.480184160726324194e+01
9.480717429366460181e+01
9.489108718595574032e+01
9.504599515095694073e+01
9.511861357722047217e+01
9.514943665816555551e+01
9.529255846327032486e+01
9.530445655445440423e+01
9.538588556281544584e+01
9.539137083496480329e+01
9.544608393319073514e+01
9.560323911150062770e+01
9.562037809300335311e+01
9.574283035850632473e+01
9.577254397043174095e+01
9.588912435793184841e+01
9.600291777543219496e+01
9.607693426586725138e+01
9.610965622737425917e+01
9.614693490052030711e+01
9.620194979064100949e+01
9.623897882872520881e+01
9.632447662041501246e+01
9.640027626732104693e+01
9.641204387904093664e+01
9.643976754722088174e+01
9.646577838771919744e+01
9.662369084077245418e+01
9.676331997294282417e+01
9.679460920857913209e+01
9.682390133008300381e+01
9.684587497307894921e+01
9.697129571759586497e+01
9.706137319416330911e+01
9.712228161510077484e+01
9.712742732010850943e+01
9.725705854149349250e+01
9.735583913384552091e+01
9.738686451515572173e+01
9.742282274794929720e+01
9.758295968716925017e+01
9.763889129803879996e+01
9.778852252575758541e+01
9.788630705523502229e+01
9.793357248860607456e+01
9.806082458289630210e+01
9.812311099412741555e+01
9.820205876886114993e+01
9.837293891662696410e+01
9.842646274064986756e+01
9.845403086828326877e+01
9.849825214752388547e+01
9.851332383997925035e+01
9.853481035806127863e+01
9.854676885933781705e+01
9.858748373286431388e+01
9.876706055076041935e+01
9.885107619996273343e+01
9.895926223675270705e+01
9.895926223675270705e+01
9.900402479324600336e+01
9.915369164983937367e+01
9.932424818004056988e+01
9.937453887091979254e+01
9.950531887566404521e+01
9.960525829049974789e+01
9.969114809329521165e+01
9.971526381446203402e+01
9.977172610062022784e+01
9.980529036915629604e+01
9.987032489198483631e+01
9.993933526789108157e+01
1.000389648329797438e+02
1.000617099698331600e+02
1.001615633725107131e+02
1.002001075089053899e+02
1.002999275883039303e+02
1.003389406328351043e+02
1.003992190251337462e+02
1.004816878962457309e+02
1.005204117358395308e+02
1.005438473090504630e+02
1.006068523179860676e+02
1.006416846517456491e+02
1.006852432471732186e+02
1.007147110731872743e+02
1.007908815960209807e+02
1.008427133273142573e+02
1.009546547476293483e+02
1.010846265343178487e+02
1.011288312230565936e+02
1.011336353456518395e+02
1.012048680692646485e+02
1.012692112625442178e+02
1.012793685593178736e+02
1.013672100293236156e+02
1.013845237584425831e+02
1.014736094574184619e+02
1.015635780438314413e+02
1.016585879119994331e+02
1.017439192411057860e+02
1.018719670037725820e+02
1.019730653908781761e+02
1.019896799278850068e+02
1.020553873119525008e+02
1.020683321590127548e+02
1.020877217759402811e+02
1.020884054127320439e+02
1.021044947046979132e+02
1.021422134245767808e+02
1.022092918673859430e+02
1.022629883380071760e+02
1.022922842572338453e+02
1.023273438502188668e+02
1.024835809768010364e+02
1.025281229187508103e+02
1.025560602522370601e+02
1.026501392743748511e+02
1.027319278700304039e+02
1.027370568740663828e+02
1.027727077548697565e+02
1.027909521407824940e+02
1.027993753820026654e+02
1.028377865334986296e+02
1.030018482030124574e+02
1.030291343271262292e+02
1.030494947245352790e+02
1.030617917632960427e+02
1.030758813074158269e+02
1.030976625183533599e+02
1.031577796950247574e+02
1.031916674628682102e+02
1.032601595571966726e+02
1.033127418022954487e+02
1.033659264252546421e+02
1.034338672216203037e+02
1.034869864774009187e+02
1.035626236916162810e+02
1.036835507561993239e+02
1.037541737787109781e+02
1.037541737787109781e+02
1.037589352409718089e+02
1.037665198737583978e+02
1.038032058360597887e+02
1.038527484360658235e+02
1.039047960562568846e+02
1.039786506026366055e+02
1.040138801404599178e+02
1.040229179589640296e+02
1.040443205371265094e+02
1.041341746335182421e+02
1.041598335836719968e+02
1.042075181829325885e+02
1.042263944508854365e+02
1.042458797817789815e+02
1.042761137944269620e+02
1.043342514662149085e+02
1.043510223554130931e+02
1.044333056946521054e+02
1.045681549801293926e+02
1.046423893665194242e+02
1.047086024608946673e+02
1.047290761574802218e+02
1.048450983217556569e+02
1.050215584612582518e+02
1.051789703414941357e+02
1.052401800444535382e+02
1.052614778069630290e+02
1.053048685979935470e+02
1.053780802092551312e+02
1.053895656677290162e+02
1.054921026210623154e+02
1.055296876326778630e+02
1.055441577062705960e+02
1.055863149559035605e+02
1.056734979216476518e+02
1.057616036480616799e+02
1.058533578492076828e+02
1.058799270311312171e+02
1.059480579572291390e+02
1.060365291356698521e+02
1.060443331896016872e+02
1.060838650198714532e+02
1.063160007710016686e+02
1.063961937587267244e+02
1.065493326262881340e+02
1.065982052855112556e+02
1.066890158208851460e+02
1.067305307835220134e+02
1.067445351779583262e+02
1.067996829249010204e+02
1.068431290198222285e+02
1.068989985897950703e+02
1.069140167959569254e+02
1.069601885782246598e+02
1.070851872812411472e+02
1.071051849427360736e+02
1.072370469744118680e+02
1.073282514343138132e+02
1.074432312905582734e+02
1.075312661628318551e+02
1.076118965441193751e+02
1.076317286193982738e+02
1.077235835371641315e+02
1.077646713351721530e+02
1.077718388233577116e+02
1.078501116696999844e+02
1.078779685015465333e+02
1.079297394505175163e+02
1.080396209831613703e+02
1.080781015590320635e+02
1.081144088909171330e+02
1.082202831166066801e+02
1.083097601754873267e+02
1.083412773376541622e+02
1.083696333720841949e+02
1.083995014689423471e+02
1.084356267937262288e+02
1.084597506184876039e+02
1.084849372462467301e+02
1.085367826767745072e+02
1.085878443794477448e+02
1.086890348038580498e+02
1.086963785986161639e+02
1.087029486454910199e+02
1.087150565398301154e+02
1.087453360267104046e+02
1.088006823513219956e+02
1.088661228466744717e+02
1.089196477338797564e+02
1.089283869574811376e+02
1.089635619789682863e+02
1.089803587841227852e+02
1.090580896050240511e+02
1.090663011342992945e+02
1.091683591825103861e+02
1.092138486489152740e+02
1.092936726636628322e+02
1.094562604352747996e+02
1.095745810130791540e+02
1.097350330848637014e+02
1.098105025558984380e+02
1.098291078543470860e+02
1.099091799430055403e+02
1.099851147577234087e+02
1.100156373370361962e+02
1.100685905091912247e+02
1.100949641639204089e+02
1.101265330630256472e+02
1.101441105647335661e+02
1.102125604629409423e+02
1.102913444405050711e+02
1.103206343713198265e+02
1.103806580529650176e+02
1.104630508978227539e+02
1.104923773212871225e+02
1.106424136578978903e+02
1.107069595498712147e+02
1.107730594618853530e+02
1.107730594618853530e+02
1.108256285884303338e+02
1.108950174030318720e+02
1.109309407802496708e+02
1.109814417960610626e+02
1.110862520843432435e+02
1.112497294602971607e+02
1.112497294602971607e+02
1.112500278716930353e+02
1.112604839063271527e+02
1.112963388616948777e+02
1.114090615695418762e+02
1.114528986800017663e+02
1.115138602050213876e+02
1.115812332165496628e+02
1.116593001823260636e+02
1.116647354550734974e+02
1.116778032080060541e+02
1.116950962549457245e+02
1.117160693894609551e+02
1.117175549530982153e+02
1.117989462707544419e+02
1.118531803676040113e+02
1.120230709407241960e+02
1.120429510013447185e+02
1.120612161585049478e+02
1.120899058171315232e+02
1.121342486838121602e+02
1.121447053987812836e+02
1.121451327567904031e+02
1.121632535703644180e+02
1.121894892510653818e+02
1.122435808297156825e+02
1.122593716942710387e+02
1.122632044588444558e+02
1.123212908477494096e+02
1.123450249047569116e+02
1.124233803603387685e+02
1.124418739182058715e+02
1.124961992456812823e+02
1.125445142377400884e+02
1.125461025195308338e+02
1.125979524799270735e+02
1.126563860827059926e+02
1.127463931163802897e+02
1.127569944479280082e+02
1.127733493594727605e+02
1.127733493594727605e+02
1.128782298807761038e+02
1.128846216106474856e+02
1.129129458956528964e+02
1.129385697078847528e+02
1.129873261482637190e+02
1.130120847719724253e+02
1.130216763898831118e+02
1.130846441989845488e+02
1.131238215686753819e+02
1.131356994592855756e+02
1.131852544714892161e+02
1.132171618105593041e+02
1.133213076963252348e+02
1.133783929911302408e+02
1.134044223003217695e+02
1.134922334103448947e+02
1.135732415404168876e+02
1.136216811184461193e+02
1.136866273342458697e+02
1.136897739145370849e+02
1.137423211279462976e+02
1.137809252879484347e+02
1.138404385182267617e+02
1.138934168041902382e+02
1.139012756041474290e+02
1.139365033486979826e+02
1.139738715422643764e+02
1.139789925301290907e+02
1.139972567250977420e+02
1.140558555264918539e+02
1.140661584961289492e+02
1.140914676056918893e+02
1.141294605220068377e+02
1.141534474026778838e+02
1.141886247341217171e+02
1.142886620419320565e+02
1.143006609788355092e+02
1.143151340392894468e+02
1.143233613607639967e+02
1.143364118775909049e+02
1.143646097808143622e+02
1.143895559873344325e+02
1.144562103193356108e+02
1.144601316773149478e+02
1.144996339839271684e+02
1.145170080125845971e+02
1.145277733062075640e+02
1.146321150840500707e+02
1.147008083882302572e+02
1.147466506770077075e+02
1.147508521889202058e+02
1.148308996099030566e+02
1.149140793170692234e+02
1.150026031207672190e+02
1.150249975961769167e+02
1.150781088136867538e+02
1.151457600460151980e+02
1.152125007855182304e+02
1.153075194510764732e+02
1.154076253025158962e+02
1.154218123531509832e+02
1.155046711978795031e+02
1.155318575130843897e+02
1.155550001017706592e+02
1.155942091345736884e+02
1.156576221784894329e+02
1.156696801951111553e+02
1.156733289037691179e+02
1.157623220983601016e+02
1.158598231620486132e+02
1.158682114845933171e+02
1.158870822601932389e+02
1.159443837974837379e+02
1.159650642574913206e+02
1.160205510006458951e+02
1.160543170618281721e+02
1.161147786718886579e+02
1.161339157054855633e+02
1.161782129786289914e+02
1.162350596170192460e+02
1.163179890096730418e+02
1.163526028628630087e+02
1.164020690096407264e+02
1.164539977487344800e+02
1.164918256604730971e+02
1.165116859290710636e+02
1.166176864913167321e+02
1.166292466406075334e+02
1.166860372377180539e+02
1.167277002178243492e+02
1.167755732744412853e+02
1.168602345846279036e+02
1.168908982189558685e+02
1.169088123281142373e+02
1.169423155284989093e+02
1.169729526034625167e+02
1.171320223695220193e+02
1.171640060607053471e+02
1.171792247993732303e+02
1.172535093515276401e+02
1.173621608699679371e+02
1.174954044428250910e+02
1.175365592610161087e+02
1.175645376020515016e+02
1.176182428698977844e+02
1.176715844007682108e+02
1.177339485593368522e+02
1.177698890649863301e+02
1.178797320907891759e+02
1.179343471790970881e+02
1.179632531175051326e+02
1.181389809088845340e+02
1.181586135961919268e+02
1.181685673178009353e+02
1.182698811155524936e+02
1.183597300442743006e+02
1.183734932883755562e+02
1.183896003071414498e+02
1.183897340704897800e+02
1.184563805259727616e+02
1.185336321922060847e+02
1.185631513357999154e+02
1.186725609742337468e+02
1.187247390716129303e+02
1.188020156104356886e+02
1.189684135910176366e+02
1.190195105044595749e+02
1.190982304600233022e+02
1.191638341697681085e+02
1.192425544423964396e+02
1.192749294006114411e+02
1.193335291710845212e+02
1.193381861678412292e+02
1.193759043566250710e+02
1.194094079331840419e+02
1.194662630182088066e+02
1.195710158265699761e+02
1.195882835864165941e+02
1.195958813182188294e+02
1.196246751974683207e+02
1.197093261653281075e+02
1.197326232514468387e+02
1.198189257587463885e+02
1.199230781633281140e+02
1.200303050691130267e+02
1.201412602088544048e+02
1.201955684683501744e+02
1.202109390834785358e+02
1.202761516556568040e+02
1.202915406740491449e+02
1.202960534889027855e+02
1.203422749471031494e+02
1.204343526256042196e+02
1.205055605693836895e+02
1.206033350612761694e+02
1.206925809962221052e+02
1.207465212013112108e+02
1.207693814236118612e+02
1.208347494345345581e+02
1.208802104588168902e+02
1.209423996668832899e+02
1.210950530486264682e+02
1.211312463709125780e+02
1.211914110804019344e+02
1.212200170174016307e+02
1.213231721185798762e+02
1.214196660897800371e+02
1.214510844484828453e+02
1.214792499222274955e+02
1.215045644672270555e+02
1.215805769210218870e+02
1.216413122184330717e+02
1.216605512378179839e+02
1.217248640888741420e+02
1.218517516591692953e+02
1.219023029346001863e+02
1.219424630372976708e+02
1.220129111177746637e+02
1.220366039000941782e+02
1.221501438098061243e+02
1.221619367231624551e+02
1.221667835130759983e+02
1.222052543729420933e+02
1.222487641202270510e+02
1.223299178577856310e+02
1.223539818846193299e+02
1.224069327001767675e+02
1.224191464592172593e+02
1.224321383811123383e+02
1.224703777985758109e+02
1.225114065170540414e+02
1.225255370482465054e+02
1.225321690668071710e+02
1.225418277936513505e+02
1.225859340929305290e+02
1.226148393781417383e+02
1.226554023653923480e+02
1.226619825972679223e+02
1.226619825972679223e+02
1.226908652088284555e+02
1.227070511758871589e+02
1.228858772834469733e+02
1.229831845811277162e+02
1.230157567967931982e+02
1.232098078494117601e+02
1.232307845199263454e+02
1.233052047932922903e+02
1.233359348127348767e+02
1.234004506445269413e+02
1.234121658640207215e+02
1.234307226593702893e+02
1.235062153501143030e+02
1.235986093123688789e+02
1.236546033264710189e+02
1.237451969817644510e+02
1.238443252655128504e+02
1.239450728678800715e+02
1.240152094087372774e+02
1.240297408533759125e+02
1.240912401618980567e+02
1.241075636851168724e+02
1.241827533462152644e+02
1.242660971218670909e+02
1.243146988433780820e+02
1.243621211760573715e+02
1.244925931565006607e+02
1.245001960442756541e+02
1.245415634113550425e+02
1.246046785288280034e+02
1.246820693296980380e+02
1.247708699715583833e+02
1.248270183303200298e+02
1.248695054509602897e+02
1.249277775544161244e+02
1.250255439087251830e+02
1.250915510259505226e+02
1.251905417623925700e+02
1.252781045398200916e+02
1.254471339227283124e+02
1.254486255457041466e+02
1.255040663081926340e+02
1.255052883468286780e+02
1.255938145168100419e+02
1.256550053495055153e+02
1.257032742592646741e+02
1.257589497538693308e+02
1.258070169707675063e+02
1.258226998297054990e+02
1.258733546419789633e+02
1.259086392414054103e+02
1.259523952420993425e+02
1.260682985162200822e+02
1.260761687804139513e+02
1.261179669983425242e+02
1.261582351698608022e+02
1.263110089627939203e+02
1.263323855390814572e+02
1.263615643069478551e+02
1.264542248831857876e+02
1.265117954412074113e+02
1.266205451633431522e+02
1.266949114730796992e+02
1.267092636866508570e+02
1.267111970008879354e+02
1.267200728145141113e+02
1.267909387057771085e+02
1.268122595425473946e+02
1.268375557517966854e+02
1.268474139071666116e+02
1.268925117635835420e+02
1.269304854183975522e+02
1.269764692273631681e+02
1.270160007956723689e+02
1.270764837004956860e+02
1.270896845644572295e+02
1.270989924034778937e+02
1.271282546886191085e+02
1.271497245512449865e+02
1.271638524923115767e+02
1.272097840479661386e+02
1.272590906457317885e+02
1.273048088380900538e+02
1.273385764074637905e+02
1.274642618300937045e+02
1.274996447855466357e+02
1.275422736474403536e+02
1.276229778627511280e+02
1.276462022955029028e+02
1.277086707701670889e+02
1.277237491246245611e+02
