3.549843797231068265e+01 1.260601310888353233e+01 4.997105214834362208e+00
2.146651425019472725e+01 1.275233140710231261e+01 3.754360454044986639e+00
2.087466853971953284e+01 1.190636363744408222e+01 3.967372619427012026e+00
2.828564030086388925e+01 1.587131163679056733e+01 4.291723138052962128e+00
2.270399167070391400e+01 1.848904434912340733e+01 4.595910197304881706e+00
1.899664415090018110e+01 1.078685873826429109e+01 3.721282816141302963e+00
2.359338427294773410e+01 1.470249041879344354e+01 4.832607872038781949e+00
1.911571324909166236e+01 1.183633300533772648e+01 4.077191686714408014e+00
2.539800318255171518e+01 1.916059004985310210e+01 4.312009054818505049e+00
2.292403422849220362e+01 1.327436579394145788e+01 4.720844367645121054e+00
2.177198895398746004e+01 1.385216516055383096e+01 4.689460713832191985e+00
2.153333401629750909e+01 1.427148241371973825e+01 4.549315351933009843e+00
2.581545904846947792e+01 2.016038933312813697e+01 5.143341971088002396e+00
1.920457388044615143e+01 1.182903612032070306e+01 3.882043589903410918e+00
1.752211196572196883e+01 1.106719761822156656e+01 4.197417211139643278e+00
2.091583018573722086e+01 1.201441769921104807e+01 4.241435013194571724e+00
1.775348215818704034e+01 1.057436893378213583e+01 4.023054677100289744e+00
2.818315552625308129e+01 1.957939489781832521e+01 5.183587480255613222e+00
2.132589385584862640e+01 1.351996390471470733e+01 4.517795582738763471e+00
2.248838446671142322e+01 1.469253885464103782e+01 4.690117112866282412e+00
1.771871537380969031e+01 1.149254412675951187e+01 4.506869261049042841e+00
2.275262157268820928e+01 1.352926386847126139e+01 4.480076123884394690e+00
2.297533938006966281e+01 1.279318717001447681e+01 5.019887263488841178e+00
2.192238032186676122e+01 1.203128388061140086e+01 4.419008994170664728e+00
3.481612379635467391e+01 1.444183406954873483e+01 4.349213175945403798e+00
2.062627719511911195e+01 1.261767793730823506e+01 4.320904640702541322e+00
2.181872967000307639e+01 1.296308975908480221e+01 4.751928760263890439e+00
2.252011764824051099e+01 1.432831570676732014e+01 4.270367929601619927e+00
2.393579902352469446e+01 1.789163046336474849e+01 4.509412084516361219e+00
2.803311740250830297e+01 1.781071876655736475e+01 4.452160450299101235e+00
