2.178016726213932719e-01 6.217773554987702234e-01 4.694791846622331510e-01 9.996241981420186384e-01 9.999222735690107555e-01 9.998753363447746567e-01
2.309975021942045070e-01 6.292628484750848461e-01 4.839237829598106999e-01 9.995579223437114358e-01 9.999193779594302001e-01 9.998760596675251300e-01
2.614701599197205573e-01 8.119679979020854033e-01 5.931294100534817426e-01 9.996220143961295213e-01 9.999189308309214264e-01 9.998877617894279535e-01
2.579829413471248500e-01 7.254104595370630681e-01 5.301100983615869566e-01 9.996307465267626480e-01 9.999198072340858001e-01 9.998756041033264319e-01
2.594158191507016098e-01 8.311132848357511982e-01 5.828766010599949476e-01 9.994326177490350238e-01 9.999076208162340773e-01 9.998493937927772635e-01
2.085331927350790038e-01 5.651473964593854982e-01 4.570652242296488477e-01 9.996054159057297106e-01 9.998986910585772048e-01 9.998749524665743182e-01
2.461303388713578233e-01 8.805344145716723636e-01 6.304161281807374451e-01 9.996254402790356597e-01 9.999152144923325602e-01 9.998684820071784829e-01
2.380601831328555684e-01 6.532967143741974514e-01 5.113136198408620992e-01 9.996251267911178129e-01 9.999172651191337025e-01 9.998821811847399266e-01
2.832208692568387032e-01 1.076621145017330194e+00 7.334423997852025368e-01 9.995055074752557944e-01 9.998934562193296793e-01 9.998285774865942610e-01
2.611468221858912475e-01 1.071279645942440517e+00 7.475173884574007888e-01 9.994151794117236420e-01 9.998761584879941600e-01 9.998154147922425627e-01
2.422684068548363878e-01 6.165495785145109764e-01 4.726027083845705246e-01 9.996879699829103183e-01 9.999218037855259755e-01 9.998940872312545025e-01
2.542836025987309512e-01 7.365193139524084387e-01 5.486971089879562058e-01 9.996399375501033857e-01 9.999207490512033170e-01 9.998898299804533929e-01
2.382664941822623672e-01 7.990766471013448502e-01 5.671947721286444422e-01 9.996153528342056616e-01 9.999069529506623422e-01 9.998834177394914091e-01
2.310388234598428348e-01 6.731816243655338594e-01 5.049396665610913493e-01 9.996663052933777438e-01 9.999275059018175593e-01 9.998991797314110697e-01
2.488007354706414931e-01 7.736014639588320030e-01 5.679871644636350636e-01 9.996207840230032504e-01 9.999161321703593508e-01 9.998629122157449700e-01
2.606849934718102890e-01 8.361103314862344815e-01 5.994403271705498470e-01 9.995820590115088722e-01 9.999066313994056099e-01 9.998648775805050182e-01
2.748884652451406008e-01 8.949883298006552357e-01 6.253623345590295646e-01 9.994988745456889756e-01 9.998907026476377968e-01 9.998326067083365132e-01
2.420376324659892220e-01 7.126986314007608403e-01 5.310538443532090147e-01 9.996438727467464869e-01 9.999203806117186177e-01 9.998673551469948739e-01
2.684580791432524816e-01 8.376734401276283437e-01 5.696274577606478262e-01 9.995901166664699078e-01 9.998984459730519969e-01 9.998648425053617839e-01
2.397483569034249695e-01 7.783548357464985523e-01 5.600844549533765537e-01 9.996359985160385708e-01 9.999056859581322287e-01 9.998705091229566078e-01
2.233095606488629259e-01 6.043074034070353706e-01 4.752363156169417402e-01 9.996862107482814563e-01 9.999167374657456087e-01 9.998911041595587301e-01
2.489057750736565489e-01 8.398793320618079816e-01 5.994141959460436153e-01 9.995548455411438216e-01 9.999028157045224408e-01 9.998558331277533906e-01
2.177665311864916131e-01 6.750551762177211534e-01 5.093541488926235372e-01 9.994867656609291995e-01 9.999030284924371736e-01 9.998765030846852309e-01
2.494748936510418069e-01 7.973798036455608251e-01 5.719469768477217775e-01 9.995845829553705597e-01 9.999134557925466460e-01 9.998646637714556640e-01
2.542463170019448881e-01 8.196629712822816050e-01 5.776317649417503919e-01 9.995961314269048437e-01 9.999132638836490949e-01 9.998753576338075266e-01
2.207616527209317059e-01 6.395026999092379150e-01 5.044472297000426320e-01 9.996645744473650064e-01 9.999285362388566911e-01 9.998830256453495879e-01
2.216891760104502951e-01 6.306443473051640547e-01 4.943368855524545302e-01 9.996016017653623909e-01 9.999013490714415697e-01 9.998850843487534501e-01
2.276845037028916996e-01 7.125810426884257032e-01 5.197262182735449265e-01 9.996020240881484664e-01 9.999106207837014093e-01 9.998716135473177946e-01
2.198782988889922130e-01 6.657957088743514662e-01 5.128006874695157924e-01 9.996103075414134453e-01 9.999161010292410001e-01 9.998711033584442021e-01
2.273828542104164296e-01 7.786339450303191301e-01 5.581818658492757601e-01 9.995394101020618205e-01 9.998922431257558641e-01 9.998411783596109492e-01
