1.161518369937111439e+00 1.519173202466116646e+00 1.556758516232598977e+00
9.969528173190657094e-01 1.327996614603371484e+00 1.301247589046811148e+00
1.072841430549859032e+00 1.312269540158363057e+00 1.369088390931584520e+00
1.291725180117905047e+00 1.967075880749075578e+00 1.552057020459035597e+00
1.052338683962674715e+00 1.545572533168672269e+00 1.545613663678752303e+00
9.883554984655877895e-01 1.254979844497562169e+00 1.244438961466265869e+00
9.791804492269671201e-01 1.110143943008664813e+00 1.093062215597998321e+00
1.089796147234768808e+00 1.458633810615603155e+00 1.308058131693573767e+00
1.076448294953948226e+00 1.493067566515133393e+00 1.418999848490055449e+00
1.008349747162702759e+00 1.447716666987576506e+00 1.392706145365772530e+00
1.244376644600144965e+00 1.957079404476422591e+00 1.689818122655371457e+00
9.815901526082538853e-01 1.395778159370305138e+00 1.289229746998992177e+00
1.741618557617465202e+00 1.914101970525004193e+00 1.687976799986184329e+00
1.329636419269020431e+00 1.569667799436242683e+00 1.304079100163565652e+00
1.117582147907326684e+00 1.691887094282805704e+00 1.525861138982908205e+00
1.522548224630766889e+00 2.182390918611931241e+00 1.860387965261244059e+00
1.178524155457312261e+00 1.259435847968035871e+00 1.229551259367380078e+00
1.085525596818387450e+00 1.829431896272550873e+00 1.373832873520305808e+00
9.894126766389954586e-01 1.260159927954815906e+00 1.273937548361255612e+00
1.036508721835275759e+00 1.797840366746481733e+00 1.324501250028929267e+00
1.002217516448622670e+00 1.248644575286034009e+00 1.166640273489417901e+00
1.125995857176020243e+00 1.553172897741117886e+00 1.548107636770068796e+00
1.368096916358173321e+00 1.250099820552888819e+00 1.097612327121986198e+00
1.084568611321804488e+00 1.239561197902902867e+00 1.224366815958380039e+00
1.075130972209195956e+00 1.309498732378485020e+00 1.292978683086059455e+00
1.461625942891866092e+00 2.958507925393955684e+00 2.149612057200811943e+00
1.352141277684600462e+00 2.505180148859340150e+00 2.104396490611160520e+00
2.320953756163666171e+00 5.685255275267583563e+00 4.648867897834021434e+00
1.621641071673299184e+00 1.877573426912077625e+00 1.448820749604495139e+00
1.017298301961553353e+00 1.364979718266203790e+00 1.348457265256571835e+00
