1.698976145639581325e-01 2.626404972715887243e-01 2.694624224918432120e-01 9.900473310936274141e-01 9.681089790700374564e-01 9.957603284554565892e-01
1.761119948817159719e-01 2.710433824069466979e-01 2.669558383378528021e-01 9.941915731615322827e-01 9.747679158347504202e-01 9.965945564671149226e-01
1.715887827370526919e-01 2.631201164600044939e-01 3.479485315375730470e-01 9.942049275139520637e-01 9.743732774333614399e-01 9.968204272177358938e-01
1.783120225205358234e-01 3.004320429971206741e-01 2.433549211840245197e-01 9.949855712543423936e-01 9.866272289756018443e-01 9.969316266060797016e-01
1.747273479822631093e-01 2.854977799598974464e-01 2.531006626844782836e-01 9.945462832442324430e-01 9.793645360428858693e-01 9.964508593939830350e-01
1.545253527638482949e-01 2.468390204350552064e-01 2.962356935469855346e-01 9.916444206618121315e-01 9.696954883708770456e-01 9.962361218994105760e-01
1.860140452793117294e-01 3.287117597984113293e-01 2.539920757291841413e-01 9.943465016351454855e-01 9.926365476789349440e-01 9.960180432629859304e-01
1.919070803553978855e-01 2.948711421098198504e-01 2.809562136295380430e-01 9.917394464418657352e-01 9.769740942832726427e-01 9.960932546991727587e-01
1.962580108576064963e-01 3.422615633356367870e-01 2.265869151898431688e-01 9.946817624515563727e-01 9.938352208806199295e-01 9.968008432385170314e-01
1.679275682646047541e-01 2.867290574021923444e-01 2.924374677569042680e-01 9.938082685162881180e-01 9.707182746162970055e-01 9.960652151521599551e-01
1.615409929425629110e-01 2.862203592085935111e-01 2.885136206582085694e-01 9.930469528500071030e-01 9.768123780920056065e-01 9.959064450428006809e-01
2.015518812146826488e-01 3.780983301545485786e-01 2.568770002695607846e-01 9.943536560650486633e-01 1.013906079669556037e+00 9.965171490430917434e-01
1.898993391175110845e-01 2.884235112896959552e-01 2.477051347240834533e-01 9.940115622528431505e-01 9.827171233631196712e-01 9.965683522216804979e-01
2.022530679072452597e-01 3.827529659952273455e-01 2.469108378389952285e-01 9.921381520381605812e-01 1.012298645615614001e+00 9.961743948395460624e-01
1.793857914028983980e-01 2.790305481681657485e-01 2.767427781655956154e-01 9.933841560093135126e-01 9.721588640927493197e-01 9.962016981208424715e-01
1.871637815842208674e-01 3.268691988764944600e-01 2.660412487176916918e-01 9.938809776888274383e-01 9.883216721353033085e-01 9.962567177227503734e-01
1.776325626398043145e-01 3.140614241564050335e-01 2.717890283038869592e-01 9.925511227256199609e-01 9.902097082685206164e-01 9.966028829095145980e-01
1.835543602660130169e-01 2.820133617495304001e-01 2.629767213603877440e-01 9.938551170447885719e-01 9.737839759931938843e-01 9.961185834673952355e-01
2.073403285411620223e-01 3.720341251266449101e-01 2.501851690979708387e-01 9.936707382043906689e-01 1.005760879329741453e+00 9.963106049381353913e-01
1.740449784183740467e-01 2.683625226731791713e-01 2.710417428246523208e-01 9.939121132945131221e-01 9.751692962839240142e-01 9.960294629234859309e-01
1.760680092673176655e-01 2.775574284076012255e-01 2.307605220749297248e-01 9.936838527152292988e-01 9.842915933915382665e-01 9.962578258184878743e-01
1.712721173698058541e-01 2.912446881178957225e-01 2.918311450031651488e-01 9.910164005825294886e-01 9.838111250545213959e-01 9.960210587317628317e-01
1.842593834481052184e-01 2.920273409553904020e-01 2.545788935023628463e-01 9.955247946634905309e-01 9.877108997546508729e-01 9.969364845947844556e-01
1.649188726076657729e-01 3.085167885260816090e-01 2.477927904066107301e-01 9.934557663041069242e-01 9.839316346734906515e-01 9.962449616273625352e-01
1.961578231795516047e-01 2.916031412245523868e-01 2.802539388123500008e-01 9.945326206674517389e-01 9.758654155927148910e-01 9.959354193943031897e-01
1.726459385721767770e-01 2.783585208000833866e-01 2.602241653882471084e-01 9.934152710321180191e-01 9.762988613747946021e-01 9.958823913284752249e-01
1.671720589494245790e-01 2.531852708922551765e-01 2.685465644914085126e-01 9.941343301053380266e-01 9.687542419872935406e-01 9.958270122387257173e-01
1.618243915625687257e-01 2.374582519191572871e-01 2.551946323578591636e-01 9.949893362953780018e-01 9.769031852069733901e-01 9.970157472889147332e-01
1.880918067552583006e-01 2.818428970336619988e-01 3.099603519568999710e-01 9.951892248330950208e-01 9.814787703132458185e-01 9.964251112440098979e-01
1.797855656349743592e-01 3.229164810140458530e-01 3.304189404737028490e-01 9.944828203023701185e-01 9.988983148127686951e-01 9.963926581589739317e-01
