1.751360928879560674e+01 1.736961130699851807e+01 1.753846450068148144e+01 8.913124408686542210e+00 1.344269449324454335e+01 9.683431143243037553e+00
1.986851420674182478e+01 1.309853619275304126e+01 1.304300442000293359e+01 5.501212569350405701e+00 7.606459691708844950e+00 6.930252090958153310e+00
1.019674597948908712e+01 1.359060220111324924e+01 1.368443666262433034e+01 4.083147384650187561e+00 9.299998011405657294e+00 5.855177815722266921e+00
1.645011038422626015e+01 1.203696863469030376e+01 1.149657779691250425e+01 4.373538912857935834e+00 1.165111241949269960e+01 6.400537452497937707e+00
1.154464838956996076e+01 1.241765177488387017e+01 1.233827266133384626e+01 3.896302094365032609e+00 1.733610433343986656e+01 8.987059933982388671e+00
1.193332918601769777e+01 1.991374780065673633e+01 2.043443673044798814e+01 5.486272521420513471e+00 1.430269457315209713e+01 1.247334534308485310e+01
1.298816485944393584e+01 1.588374060301035939e+01 1.590682764454603593e+01 6.754216502653958898e+00 1.208840616245955246e+01 6.361718602694389268e+00
1.122398534459063590e+01 1.357279098898200154e+01 1.360922216964200793e+01 6.816915216473329764e+00 1.656548441123523929e+01 8.798086696013703190e+00
9.162514017742681816e+00 3.758064846685825700e+01 3.796059677084503647e+01 4.223479713269798985e+00 2.291721651049503095e+01 5.339420887294180851e+00
1.422062681956399288e+01 1.899172535707412024e+01 1.902943687149060281e+01 4.962770155414679252e+00 1.128135367162798275e+01 6.416938108239580885e+00
1.743844181787688186e+01 2.372500589166069318e+01 2.390448783951343614e+01 5.071572497039279703e+00 1.051798331153462129e+01 5.636331134798584053e+00
1.403594910492214609e+01 3.845276029633764381e+01 3.812596822686128917e+01 1.053999159531692165e+01 1.411959356605611404e+01 1.255773080154129140e+01
6.466264261143989778e+00 1.017114498199932271e+01 1.003198531575839958e+01 5.511129049730763896e+00 1.033058966727977968e+01 9.383547057984698014e+00
7.168338288706117112e+00 1.120561047743516170e+01 1.116029986884560010e+01 3.517519018278949972e+00 6.718257098965165319e+00 4.542733374380032885e+00
9.805147813422374625e+00 1.640221908224486924e+01 1.611476453452306146e+01 7.150444655968946073e+00 1.403553033627661506e+01 9.027459197228930421e+00
1.132451312677386923e+01 4.362295791934533185e+01 4.344632936429496084e+01 5.867357673832146681e+00 1.092641264299436088e+01 7.238293657341577259e+00
1.283048904325077899e+01 1.525915919623340855e+01 1.491877238478111778e+01 3.685036506082721708e+00 1.356172118868976995e+01 5.628547689608927485e+00
8.128920556075852843e+00 2.583403696151540885e+01 2.498427492163659025e+01 9.182043388154323083e+00 1.698033987875803774e+01 1.158338671714633605e+01
1.208343850588575030e+01 1.603370293498583621e+01 1.574786845013608882e+01 3.095920944369729533e+00 1.142429251473571661e+01 3.705988528787723890e+00
1.040935036527677404e+01 2.363087474770993168e+01 2.339950822302363065e+01 7.693422177874809087e+00 1.027495959021986671e+01 6.370767330512295601e+00
7.086736842625125377e+00 2.979142044404368050e+01 3.006728292937521374e+01 6.583806055865965234e+00 8.316777951246649536e+00 1.158157807481554791e+01
7.192146998619612042e+00 8.826316602323755589e+00 9.092699277571977490e+00 4.457911150192140681e+00 8.090433061865196507e+00 5.457591324113132636e+00
9.103755565838252295e+00 8.880831599129496823e+00 8.837779460083577732e+00 1.205105568056805687e+00 6.571070272839238946e+00 1.820054853856496235e+00
1.475605792609020916e+01 1.302618494201164978e+01 1.303061291805716237e+01 3.412797847961359210e+00 1.127887767692400267e+01 6.902692545570905835e+00
1.516943730609029295e+01 9.032677673732482759e+00 9.852848228493856553e+00 3.229997914962142058e+00 6.623291850295061955e+00 3.169919310294571524e+00
6.737359519320818002e+00 1.762753642595499315e+01 1.755391744770239271e+01 5.503061169927722318e+00 1.480297034654727106e+01 9.567316675876165633e+00
1.116978818932031814e+01 4.306909701327873563e+01 4.271340763059068024e+01 6.440819813402452354e+00 8.787719522753928203e+00 7.176131605486625098e+00
1.108260691176196922e+01 1.822641963960501599e+01 1.770276829035254806e+01 4.702499419563420879e+00 8.125978447112380820e+00 5.724852587682524252e+00
1.122502717470257672e+01 9.111439218184656852e+00 9.582916343860723885e+00 4.460451107285865469e+00 9.496265013369098895e+00 6.233448095354354734e+00
1.141567402872355430e+01 2.966495661446196763e+01 3.002599261021077837e+01 5.240696757503100045e+00 1.671595972093266980e+01 9.833610905292054838e+00
