2.072749047665383593e+00 1.868411455868251414e+00 1.982498942489508309e+00 4.418755873408338197e-01 4.271858275852895570e-01 7.267588723803151129e-01
2.269775408651282245e+00 1.633969221071743583e+00 1.851167067802138355e+00 4.990155665372750238e-01 4.310754982776413557e-01 1.418870751430636012e+00
2.175365146281279305e+00 1.615953320596397624e+00 2.092338375440967901e+00 5.564579497016898246e-01 4.656573567092463506e-01 1.186977119483199727e+00
1.765842603585201731e+00 2.415480508049868469e+00 1.412010449769145914e+00 5.795102839823998986e-01 4.740505779021029209e-01 8.936199044938027969e-01
1.330184900748999643e+00 1.808586381455653314e+00 1.917100279029199994e+00 7.578958334997476509e-01 6.878564675981302390e-01 1.462788913167782034e+00
1.815480116364225127e+00 1.591819232691200625e+00 2.569234001775674958e+00 4.246178201458414847e-01 4.402790773147371439e-01 1.072228161534967583e+00
1.811241823967763676e+00 2.223858503489290150e+00 2.382500952501270586e+00 9.387717945846005829e-01 9.752451379314861502e-01 1.703485345281146701e+00
1.642531921131490380e+00 1.929546048984982720e+00 1.546542110180913809e+00 5.648914864746001907e-01 6.030627735636892028e-01 1.348386586180666757e+00
2.667491841297751520e+00 1.984730769304970277e+00 2.691324651175940108e+00 7.585915106175044054e-01 6.487720710720719097e-01 1.442766427200484536e+00
2.890168184168765642e+00 2.996559977591700896e+00 1.514498360774432895e+00 1.376800969172742972e+00 1.198460342271016277e+00 1.859382833606123553e+00
2.004774583977970259e+00 1.921002445014068361e+00 2.680349224719919210e+00 6.245616177542148151e-01 6.936014176634222039e-01 1.039710682198062619e+00
2.489320216062380631e+00 1.769092034362945043e+00 1.750271289718755341e+00 6.685197031064857853e-01 7.429217617513220739e-01 1.185214179536244972e+00
2.367387824202400015e+00 2.328457690476483766e+00 1.951544684945385910e+00 8.128598848508025165e-01 1.062214174932391897e+00 1.481914884776073915e+00
1.503936178989664807e+00 2.724683897641886787e+00 3.078985537385457771e+00 4.819515206089248771e-01 4.905110018479110767e-01 5.923231122533916260e-01
2.689765956589783791e+00 2.492170651420451577e+00 2.317359306069641356e+00 7.558924738734458249e-01 8.283387383820918215e-01 2.099374202744943130e+00
1.891074132748445269e+00 2.644220186672709971e+00 1.902880763967487399e+00 7.537946515343180165e-01 9.194207488585808274e-01 1.268403951241779293e+00
1.806608448695704805e+00 1.743393657113502249e+00 3.018483419175059801e+00 5.424050577182076838e-01 4.918495585572429940e-01 1.001365600875435247e+00
1.960665000522912260e+00 2.466705213194768209e+00 1.153809058368654883e+00 8.186571479632027692e-01 7.531797990345414640e-01 1.257372221158990389e+00
2.341760225927094652e+00 1.997687912318384384e+00 1.620552581098864353e+00 4.972311138978719458e-01 4.802678609380652275e-01 1.091619815599250254e+00
2.262259468854062483e+00 2.364456326018975485e+00 2.330269259274910354e+00 8.886755680505541433e-01 7.366955152594807377e-01 1.713746615353555214e+00
2.171985694485603524e+00 2.056140527469154211e+00 1.327218129051630724e+00 1.080140471778370248e+00 1.020216951877383593e+00 1.903298960745373858e+00
2.455966200428648882e+00 2.849079860925472385e+00 1.509595105336418275e+00 3.531740157705281491e-01 5.971805015468881761e-01 9.940439933690716767e-01
1.753336872631031884e+00 2.320883061696843885e+00 2.224942240475110911e+00 6.401136461521016452e-01 1.054030355308453126e+00 1.718527391745986233e+00
1.888050790350933372e+00 2.799857619923691310e+00 1.651050403761995744e+00 8.194567035524066290e-01 8.042686035743533690e-01 1.655780205630672297e+00
1.544244980671273471e+00 2.142174949898707492e+00 1.640254771275956758e+00 9.527548859426173689e-01 8.018136130379093229e-01 1.136751687202790295e+00
1.795209209866187816e+00 1.761365255411003750e+00 1.735587014258665128e+00 7.270188310362714068e-01 4.534437814403699529e-01 9.130739469430654287e-01
1.369818790964787869e+00 1.869391516503156714e+00 2.073862205605095266e+00 5.704165208334208703e-01 4.582005580246513166e-01 9.131694537241671350e-01
2.025571048779142291e+00 1.461447338106854232e+00 1.436166972829717059e+00 7.819969003800845142e-01 9.297200658118588423e-01 1.239131296207922839e+00
1.833725947284362112e+00 2.643246267485880541e+00 2.370835071141348838e+00 8.133543403822622864e-01 9.812185432929784179e-01 1.348529805701520035e+00
1.580761912262754754e+00 1.665720803216198087e+00 2.194528088888854533e+00 7.415064649172231626e-01 8.241905406908078824e-01 1.307898017897970666e+00
