1.088181415436390020e+00 9.834458341711267426e-01 9.930830928188673079e-01
1.117989814165364804e+00 9.451299326382555099e-01 9.622997637268869697e-01
1.145822290602998450e+00 1.053248516992322470e+00 1.058166756570002365e+00
1.158777905634615468e+00 9.823032522967763969e-01 1.031250180461835475e+00
1.137674293371867984e+00 9.565369572436679402e-01 9.850609961826767291e-01
1.136477018978166997e+00 9.561560672302218400e-01 9.784494562835162057e-01
1.101379206654923060e+00 9.557393950490118417e-01 9.827503733031228705e-01
1.147414188813353109e+00 9.214296566088371332e-01 9.607396999365925838e-01
1.168220523108030706e+00 9.555214108681919782e-01 9.647845163076659292e-01
1.128930583073341376e+00 9.526709053292463647e-01 1.015456924883361145e+00
1.132436239835109770e+00 9.473416469911123405e-01 9.867603579745481968e-01
1.230165678827873643e+00 1.115354432501584503e+00 1.083650955506716640e+00
1.150135811934874353e+00 9.273287266365095594e-01 9.526083447018898198e-01
1.108332863933191748e+00 9.901280511143530916e-01 1.043341088847706377e+00
1.158014096747069788e+00 9.429755233686824001e-01 9.842484728343368072e-01
1.136798248650179088e+00 9.966605298411180813e-01 1.014571702457634395e+00
1.120152585614388130e+00 9.557046942993558947e-01 9.624654526172667923e-01
1.111269689332477828e+00 9.385309656257706523e-01 9.955975888132716500e-01
1.162908897200346070e+00 9.390022710387322391e-01 9.755220667568385018e-01
1.085801416827149701e+00 9.436158927856904688e-01 9.781466838988212009e-01
1.140704450346351706e+00 9.199880395428794433e-01 9.534406480052678434e-01
1.196158207141564178e+00 9.956339247366615686e-01 1.021421300055167736e+00
1.061827878843889739e+00 9.200363538215590165e-01 9.790245283406990850e-01
1.116589795135231267e+00 1.023579845914821318e+00 1.029656780678575023e+00
1.078793543500207397e+00 9.872022867290255466e-01 1.023624560430645536e+00
1.174110444402028275e+00 9.700750656428509533e-01 1.008422455245502336e+00
1.184885318840910973e+00 1.010460635689887754e+00 1.087840970777918859e+00
1.085558110864697001e+00 9.437730365272144484e-01 9.673026569816465248e-01
1.185691780899736703e+00 9.828916432316466834e-01 1.027291298070192260e+00
1.092643839163106811e+00 1.056185727377608963e+00 1.025551626985215181e+00
