1.485946712898082167e-01 7.440043729194998345e-01 7.438109702379349653e-01 4.786610269741400914e-01 3.457582774797548497e-01 9.908040640326853943e-01 9.880301315089040637e-01 1.016178489395244133e+00 9.918147771076418762e-01
1.451282205465261599e-01 7.849673126132559187e-01 7.847700229199484623e-01 5.254623966955844772e-01 3.701568472817137745e-01 9.904108689221929884e-01 9.885889959190701237e-01 1.005746614148033791e+00 9.921448069343639098e-01
1.489428742726771060e-01 7.752328585967643848e-01 7.750337400334432747e-01 4.641101946176686699e-01 3.633467690191253263e-01 9.901418885970745265e-01 9.893768689709530051e-01 1.020452685499296130e+00 9.927205956656286467e-01
1.427417272805628634e-01 7.439093199906026133e-01 7.436854506420804700e-01 4.804148674300560140e-01 3.515945037749098612e-01 9.900817157729445706e-01 9.910293113074822857e-01 1.022304976341951166e+00 9.932219431372487639e-01
1.467912424672229987e-01 7.597331234808939460e-01 7.595201691113538933e-01 5.114277186071739534e-01 3.715630018440764237e-01 9.921760035485067686e-01 9.903234649070465911e-01 1.009115163219502564e+00 9.939821014350525008e-01
1.400119343044594344e-01 7.608732574969143680e-01 7.606371638735400786e-01 5.252110942218373157e-01 3.987679558376708844e-01 9.916202724489824316e-01 9.891604207886518507e-01 1.007503703758400926e+00 9.923826802488697751e-01
1.377286412056208664e-01 7.910070080652770175e-01 7.908102578155206119e-01 4.837783206258627344e-01 3.321953843283156349e-01 9.925465648831761634e-01 9.903887672032801737e-01 1.021273823161588767e+00 9.930132207047341897e-01
1.412866500603314479e-01 7.547343306973900434e-01 7.545270573594586860e-01 5.051130624855846296e-01 3.480769051414475679e-01 9.898218094687075697e-01 9.884223889818992692e-01 1.018247917461593044e+00 9.925715680223079485e-01
1.491516479423857511e-01 6.883044881928896963e-01 6.881138684538595784e-01 4.387494606667835528e-01 3.265475357937331902e-01 9.905499760283478228e-01 9.899170695073032933e-01 1.018320846191699713e+00 9.930442057013906254e-01
1.517021766569045804e-01 7.910219321943900983e-01 7.907711005430476670e-01 5.004877903851847609e-01 3.640337919535600597e-01 9.917395184225739069e-01 9.895100472774358558e-01 1.029672699991332152e+00 9.933628515041924567e-01
