1.018915940040608925e+00 7.669633860963612770e-01 7.669633860963612770e-01 2.743961959058530020e+00 1.394673967012046156e-01 5.403181050814127584e-01 1.058327335291237709e-01 3.144895762733463940e-01 1.715198661516196821e-01
1.286506652708256704e+00 5.142512380297931118e-01 5.142512380297931118e-01 1.841432040430967421e+00 1.498746539489878848e-01 4.827193774726186715e-01 1.365967620552760442e-01 3.916624610709686927e-01 1.628771531099363623e-01
1.212674733588908316e+00 8.642123733076811920e-01 8.682339862112670170e-01 3.794886462015999218e+00 1.893558016304017766e-01 5.032637385734887170e-01 1.227289932743609313e-01 3.331702226751335760e-01 1.488601058091860996e-01
1.044024409582192447e+00 1.090409739134793110e+00 1.090409739134793110e+00 1.286998968308674218e+00 1.790583179927371649e-01 4.426869594617059978e-01 9.998902720532208688e-02 3.261598888598833956e-01 1.147549232387079232e-01
9.272214521152336575e-01 6.860937468404538775e-01 6.860937468404538775e-01 1.385328082866500443e+00 1.732773735857259800e-01 4.960299470648409370e-01 9.765059127492571600e-02 3.404117461368983411e-01 1.509432223157251562e-01
7.985018501075951125e-01 9.199721168045922326e-01 9.199721168045922326e-01 1.551012739413503816e+00 1.183543986908530549e-01 3.361666083656810744e-01 7.777497589951755386e-02 2.286937142884395424e-01 1.164305152791830639e-01
9.602550413913522043e-01 7.812891038149466505e-01 7.812891038149466505e-01 1.975614146081875022e+00 1.303214558461694983e-01 3.541720325654553747e-01 1.508384049492373091e-01 2.928357582213880206e-01 1.431425697151754994e-01
1.032417230086352111e+00 4.552271117944959311e-01 4.552271117944959311e-01 1.783133997194484399e+00 1.612977386886514375e-01 3.332527297753541395e-01 9.187682275610821458e-02 2.326784379230291688e-01 1.071960248041892161e-01
1.141322207788930898e+00 5.332778498290976499e-01 5.332778498290976499e-01 2.030045718123330900e+00 2.092755279201077567e-01 5.003817936265018140e-01 1.578551019495954555e-01 3.223392515524673430e-01 1.745614541865913860e-01
1.409148939800926925e+00 5.310791820993308043e-01 5.310791820993308043e-01 2.124656805233483770e+00 2.080121211129486170e-01 3.515287430695012705e-01 9.197728909527884411e-02 2.954002542924211716e-01 1.068566167583969856e-01
