1.683511462614991672e+01 4.563586263392026154e+01 4.563586263392026154e+01 1.206085319665870514e+02 3.697722587267247008e+00 8.746918057086547904e+00 3.324648553678162699e+00 3.619634868750911671e+00 2.844944277828983292e+00
3.900349063816372563e+01 3.406508315874449977e+01 3.406508315874449977e+01 1.028289684976292477e+02 1.486347828261170712e+01 2.157432637421245047e+01 1.401926496076778506e+01 7.656405174566141447e+00 7.795389582836385500e+00
1.710691174062819542e+01 2.325389913591431679e+01 2.325389913591431679e+01 9.623564467582494331e+01 4.019318735632549711e+00 1.071185827222371323e+01 7.501698695183981691e+00 6.467453538427338167e+00 3.183093738465175182e+00
1.936004172868812745e+01 4.731319863393863301e+01 4.731319863393863301e+01 7.546329608488322549e+01 5.196264655658278997e+00 1.193641391585452105e+01 9.736071304828870510e+00 1.145259222976808466e+01 4.595977667427645130e+00
1.937045603580449438e+01 2.707722348662695566e+01 2.707722348662695566e+01 8.483333623629718545e+01 7.861826676310967876e+00 1.385173676507051610e+01 6.735312043955890005e+00 8.867361856422469657e+00 5.326305084433143655e+00
2.958858933042672490e+01 3.229491694059100126e+01 3.229491694059100126e+01 7.039835409165628732e+01 1.002451590541968862e+01 1.798445618815659586e+01 1.222338049044589958e+01 1.055214775966660667e+01 5.937269218045406305e+00
2.331741501338785127e+01 3.308274133323347854e+01 3.308274133323347854e+01 8.287306685919118365e+01 5.594857058372664227e+00 1.277809419482536413e+01 5.505857040264635849e+00 6.657072234613912620e+00 3.646394495420262505e+00
6.290800286510630457e+01 4.495596546376334857e+01 4.495596546376334857e+01 8.795989437598930749e+01 6.574487532516411825e+00 1.072252542250448037e+01 7.054037352260340121e+00 8.824321010635864937e+00 2.830175538735656193e+00
2.447664473338504365e+01 2.659559907424007719e+01 2.659559907424007719e+01 8.572997847692886353e+01 3.794778960845605287e+00 8.695885965545468110e+00 5.657382619975527049e+00 1.402233348835538784e+01 2.210344588023017476e+00
3.144113980478499570e+01 2.694143342725248047e+01 2.694143342725248047e+01 1.049822273377377400e+02 9.174460773843716055e+00 1.731784338711229765e+01 4.424560568740522726e+00 1.011033953807721986e+01 2.149967442980214027e+00
