4.090820659552939276e+00 3.274097917366963095e+00 3.274097917366963095e+00 1.023143838006015649e+01 7.341689575732527340e-01 2.485854126940556963e+00 6.763636761613115445e-01 8.706102202799386180e-01 5.146424159804887655e-01
6.789398953393456004e+00 4.724466591030502371e+00 4.724466591030502371e+00 1.674211028520974054e+01 1.630582408106549419e+00 2.288622290401528314e+00 8.737136564818380746e-01 1.252912074301136824e+00 5.181694673057335443e-01
4.744066700162115069e+00 5.211928883871373763e+00 5.211928883871373763e+00 2.303947536385608075e+01 1.688778684338273717e+00 2.894829221743387748e+00 1.480630518826910658e+00 1.468170138186729146e+00 7.830440331548562671e-01
6.301521154856802198e+00 3.879572152823583586e+00 3.879572152823583586e+00 1.547180009825303060e+01 8.292016948626276251e-01 2.767191385958560179e+00 8.073163453902807429e-01 7.834049666883529106e-01 5.181537839271935786e-01
5.950471140442584961e+00 5.783923584630495718e+00 5.783923584630495718e+00 2.187157164987079128e+01 2.351516522736958770e+00 4.004213805430691053e+00 7.725921122608858660e-01 1.364444370014292973e+00 7.768305089600726632e-01
4.649522094429710428e+00 4.025292447451496614e+00 4.025292447451496614e+00 2.128829613129489573e+01 1.134599726489110783e+00 2.790773067002032093e+00 7.405572839927110351e-01 1.299716126025588059e+00 7.486961551348346733e-01
3.946312641510295371e+00 4.813614995913051864e+00 4.813614995913051864e+00 1.364163070064078020e+01 7.812596947465278996e-01 2.561382248556700603e+00 8.774769705962109922e-01 7.990678639076427281e-01 5.617752384418274181e-01
5.445443116341570189e+00 5.669839121100234358e+00 5.669839121100234358e+00 2.092743510291076703e+01 1.125236748056984037e+00 3.101582784173673613e+00 1.588935134592611043e+00 1.375059224421465887e+00 5.230257419212057668e-01
3.710516315900874051e+00 5.116207425605673542e+00 5.116207425605673542e+00 1.487783167382462679e+01 1.376423459231634672e+00 3.040359566830572291e+00 8.073086111045534308e-01 1.608960240526756014e+00 7.283046053268397158e-01
4.330129595315474589e+00 7.661593585710343213e+00 7.661593585710343213e+00 1.621313664088147277e+01 1.195792103162266917e+00 3.646076599211487412e+00 7.043297112634293589e-01 1.562483304966685305e+00 8.458097316535200250e-01
