4.621428824882432146e-02 1.932891519388255930e-01 1.932804538382973114e-01 7.544019822535244502e-02 1.998605280164991380e-02 1.366653341452988224e+00 1.367067173568426108e+00 1.370581989781186616e+00 1.368081532804998890e+00
4.385825306164405080e-02 2.121710345604539694e-01 2.121760373892386808e-01 5.505087325133936615e-02 2.002987586357854802e-02 1.363951074543971353e+00 1.364120270381505184e+00 1.368133643974369207e+00 1.366234063880739535e+00
4.504893523295777635e-02 1.364663654560349104e-01 1.364517902146308859e-01 4.939210951620504053e-02 2.008855598301698131e-02 1.361218148144543783e+00 1.360092425345369449e+00 1.363970268835541955e+00 1.364429993638610172e+00
4.696690115276228733e-02 1.854236868799693516e-01 1.854375162718514547e-01 5.901810620055449735e-02 2.093005061700423455e-02 1.368633243675255295e+00 1.370280548127156051e+00 1.375378048379620299e+00 1.373038195398134986e+00
4.294020051581601966e-02 1.356987993792530822e-01 1.357077697895835433e-01 5.050312033298882952e-02 1.850794959846046445e-02 1.363488881326647029e+00 1.363948948423364449e+00 1.368997832111269686e+00 1.368769152631176045e+00
4.652562803109438344e-02 1.719700527423108638e-01 1.719860021983687925e-01 6.311459300824201479e-02 2.179818255417185699e-02 1.361241740046660320e+00 1.360388293803617810e+00 1.364987000695880859e+00 1.362319560747692782e+00
4.353260791053002038e-02 1.686692644702212640e-01 1.686691166337470349e-01 5.067326290441644815e-02 1.868542432153698363e-02 1.365858729414155537e+00 1.366716598517883963e+00 1.371215839646061641e+00 1.370689362425127067e+00
4.664959002755759282e-02 1.461282328566118061e-01 1.461196179583984511e-01 7.968561753320349550e-02 1.994850745594770394e-02 1.360018248390481466e+00 1.359643575214429800e+00 1.365347517510544062e+00 1.362948655180544311e+00
4.603950213718527307e-02 1.322279267791961754e-01 1.322475287771422425e-01 9.028651846612134602e-02 2.198753025486759397e-02 1.363304070431856641e+00 1.364608203327671632e+00 1.369863317557034055e+00 1.367451575119052132e+00
4.626127692221403132e-02 1.945601789860026409e-01 1.945425863856754534e-01 4.590103347489504076e-02 2.179419988735752448e-02 1.363263101676362998e+00 1.364630040791019461e+00 1.369689478351277856e+00 1.367506558116102555e+00
