1.017903802462581941e-01 2.705312107032992741e-01 2.705370850770965618e-01 1.204662907233579605e-01 4.935226556223730465e-02 1.299876865742740195e+00 1.291404291976011587e+00 1.304591819312617584e+00 1.300757413289087339e+00
1.057697484916928637e-01 2.804981032760304194e-01 2.805187518784475476e-01 1.371749207698209627e-01 4.523749769858251280e-02 1.300493638733692281e+00 1.292391851113651402e+00 1.300844592732456118e+00 1.295448237743452857e+00
1.023549674534226794e-01 3.166456721307558952e-01 3.166259757204371583e-01 1.257792891294782500e-01 5.647280743241560319e-02 1.297578204279256298e+00 1.292367443935795945e+00 1.306090700804907634e+00 1.299447351271601159e+00
1.018186116205348907e-01 2.392382604514876332e-01 2.392360765878492335e-01 1.224712639729540614e-01 4.406525492638937308e-02 1.300387019827816237e+00 1.306274135099212641e+00 1.313501057482577616e+00 1.308525194296343619e+00
1.004500745956870139e-01 2.227228507234451649e-01 2.227346754092696945e-01 1.130550302235555499e-01 4.817596982502259789e-02 1.302426836601697557e+00 1.298675560169880061e+00 1.310464645272793938e+00 1.307649907626187380e+00
9.992402370458600136e-02 2.181766945367242805e-01 2.181879934030859503e-01 1.117571104723550923e-01 4.699170779521093244e-02 1.303677972272198948e+00 1.291487450732101694e+00 1.303297505410606183e+00 1.299725294371495643e+00
1.017107823444057257e-01 2.959288855935435780e-01 2.959368282466956490e-01 1.272860800891128241e-01 5.141404535740388970e-02 1.311966554560590525e+00 1.305424206930799746e+00 1.314727534432090561e+00 1.309729689885014370e+00
1.023011746843772024e-01 2.692890072518482336e-01 2.692923769140976309e-01 1.528085212543977001e-01 4.498968801577624826e-02 1.301467951404603918e+00 1.291744853386550318e+00 1.304306705864870741e+00 1.301191515542736266e+00
1.070350005327593279e-01 2.530456121405276759e-01 2.530458545783869084e-01 1.354539940636512452e-01 5.088170810293694141e-02 1.303955625141175911e+00 1.299548973599499169e+00 1.310111616259789447e+00 1.309170819976002598e+00
1.063557299275245255e-01 2.600966942983859997e-01 2.600907163238893038e-01 1.096631550214904050e-01 5.015872838936443617e-02 1.307208256902414378e+00 1.298274590184837374e+00 1.311707112646554485e+00 1.307012764371892954e+00
