1.582785638160352781e-01 1.191717910503863310e-09 2.386937851031700704e-05 9.492196724730874625e-08 1.606564171911344790e-02 1.784825659630665839e+01 9.007287587037989818e-01 1.276786864608779482e+01 8.961145736514818383e-01
1.549236852582278057e-01 1.117584807251382123e-09 2.238323754704497765e-05 1.274307558971805099e-07 1.496159646329738718e-02 6.391196506400444122e+01 1.040436704689195802e+00 1.857915554126138247e+01 1.000095796396735626e+00
1.555365449457464799e-01 1.178555166199834765e-09 2.360491274593826846e-05 1.398551889549565362e-07 1.793089201370726138e-02 2.560492044022829816e+01 9.050818797665999282e-01 1.409409401239359738e+01 8.783756372827392633e-01
1.404483744181300731e-01 1.135125649042200173e-09 2.273567657083256667e-05 1.392528841736516926e-07 1.572694404411268884e-02 2.953400542062428080e+00 9.345891675446027502e-01 1.067581996820946699e+01 1.055099759903605383e+00
1.623287400108373302e-01 1.194838587252079646e-09 2.393134551718921249e-05 1.080200180583104855e-07 1.556432848863108058e-02 1.858096368793786590e+00 8.856791729203883357e-01 1.316109162841627800e+01 8.719320819361306985e-01
1.527766176273564758e-01 1.160218744580686477e-09 2.323780468162736938e-05 1.014859979009313101e-07 1.649134216721195520e-02 5.885711021336421567e+01 9.858875979027668102e-01 1.038836394102294491e+01 9.593573233646782716e-01
1.493715123544867573e-01 1.154290616248121764e-09 2.311746420078189431e-05 9.106670742957107840e-08 1.455979686101842828e-02 5.424536883030706136e+00 1.048631476064099788e+00 1.667742235957768315e+01 1.030615033975958328e+00
1.527868715300064184e-01 1.150368493246841403e-09 2.304178434919480748e-05 1.175246475037360046e-07 1.452615607573266854e-02 1.755386209491803573e+00 9.129607981738383504e-01 1.842489291824256981e+01 9.386938699642527473e-01
1.532374161392628387e-01 1.181157855718440423e-09 2.365700118295754797e-05 8.704451967091432159e-08 1.522265515575501812e-02 2.556979965298601609e+00 9.253973145124337885e-01 1.082167202564788333e+01 9.403898188611866660e-01
1.395374100070330969e-01 1.081743206762616562e-09 2.166504739320618430e-05 1.276346813614371629e-07 1.473793829165584435e-02 1.116468478677008491e+01 9.790086310237556821e-01 1.158853692882885333e+01 9.786266907410007265e-01
