6.315726404416622808e-01 4.014652334070683004e+00 4.014546546471757793e+00 2.541210534999492232e+00 3.344278720637077207e-01 1.111285848382840271e+02 1.165675364846066708e+00 1.804155286747108677e+00 1.202693665570740977e+00
3.667270171156332692e-01 1.634651724397473194e+00 1.634619120191427522e+00 9.668718819577313273e-01 2.303648988400706921e-01 4.867253330793826649e+01 9.640918525724351262e-01 1.155027584707527311e+00 9.933527431701190125e-01
4.615421086591579569e-01 2.167006931217803523e+00 2.166956228123298356e+00 1.324954821860833354e+00 2.714777934428975192e-01 1.012838660912523068e+02 9.898663977353258092e-01 1.665745277440355387e+00 9.967684998584779299e-01
3.318578756160419641e-01 2.048857285558085106e+00 2.048805992034798518e+00 1.154220574542278888e+00 2.505321788828521745e-01 1.040841190685355429e+02 1.130939529723298476e+00 1.714721278029494478e+00 1.225463947808002718e+00
7.131562815983802928e-01 3.150170965630465947e+00 3.150099117408233340e+00 1.956778633868730521e+00 3.790901662545243522e-01 9.197777083066755210e+01 1.118619686199056940e+00 1.611986251721499119e+00 1.240405420276572857e+00
3.997745171047832891e-01 1.778582316423770182e+00 1.778542099872876037e+00 9.946900567490614131e-01 2.467137575474626088e-01 4.415298583832953483e+01 9.740089485040815953e-01 1.328335708164126272e+00 1.079512892670938751e+00
4.147703737610827224e-01 2.612393403127111657e+00 2.612326169584643143e+00 1.589057140862119244e+00 3.008625732537354991e-01 5.496359675593196670e+01 1.307200509986989445e+00 2.040279611171915697e+00 1.218148575039813775e+00
3.000139219161927495e-01 2.184764921366863177e+00 2.184699817678530831e+00 1.320738535000453240e+00 2.397424555184610728e-01 3.537180981442006100e+01 1.406633322058951308e+00 1.969317440125481378e+00 1.201851953863072087e+00
4.414890714797452542e-01 2.760521357166782597e+00 2.760430249384187018e+00 1.620788497685314189e+00 2.735315090984319353e-01 4.267475668394805410e+01 1.340461469259247140e+00 1.474105254551940192e+00 1.124545485266071010e+00
4.216385213010530597e-01 2.266993577643061197e+00 2.266924743980666790e+00 1.497512080025318992e+00 2.383034828961438090e-01 1.453569848205202675e+02 1.212856712885821864e+00 2.189376670245990031e+00 1.209555256617238062e+00
