2.594458115527750394e-02 1.054881610630531846e-01 1.054881610630531846e-01 0.000000000000000000e+00 3.214285010121800852e-03 5.880024571761306718e-02 1.218742300224405217e-01 3.251900381985098776e-03 1.207349054394022021e-02
1.501079139845719682e-02 1.222899404969112203e-01 1.222899404969112203e-01 0.000000000000000000e+00 4.207126253370827192e-03 6.662981957884582529e-02 6.904097393150845918e-02 2.693458799937645774e-03 9.231231566432856681e-03
2.884953629277941731e-02 1.248002215367853968e-01 1.248002215367853968e-01 0.000000000000000000e+00 4.548078820668027128e-03 7.199067305995898725e-02 1.309896917692990326e-01 5.542557157244029468e-03 1.392117501845964965e-02
3.968029183039985253e-02 1.545529085873008912e-01 1.545529085873008912e-01 0.000000000000000000e+00 4.144818031535300179e-03 1.189087516312970078e-01 1.120973554749096768e-01 5.460009238221315980e-03 1.832737190053855200e-02
2.955677042276375066e-02 1.542512011077118994e-01 1.542512011077118994e-01 0.000000000000000000e+00 1.563183264925635139e-03 7.394959056284995669e-02 1.621115514153380621e-01 2.208465402882891712e-03 7.512246000724909049e-03
1.167786232211801521e-02 6.179496409968521231e-02 6.179496409968521231e-02 2.149830671383269163e-10 2.349019020435270597e-03 5.822996161406832766e-02 6.982971881276058002e-02 3.886627702776591399e-03 7.519653192637519926e-03
2.793974989513613172e-02 1.015307519946091475e-01 1.015307519946091475e-01 0.000000000000000000e+00 4.892777983466011817e-03 8.959178557060039350e-02 8.188106978790621326e-02 4.780048452915837062e-03 1.392346737036767243e-02
2.750726229192511363e-02 2.029389790433064056e-01 2.029389790433064056e-01 0.000000000000000000e+00 2.765292509665849812e-03 1.592168604500965867e-01 2.237524692926990133e-01 2.960957942216112596e-03 1.158149100165640176e-02
3.687742696960899513e-02 1.943830865211097214e-01 1.943830865211097214e-01 0.000000000000000000e+00 1.558067777691734580e-03 1.676933426892359691e-01 2.053143591460255268e-01 2.590168879244115346e-03 1.054719689216461649e-02
2.568248180776622897e-02 9.561558276571113790e-02 9.561558276571113790e-02 0.000000000000000000e+00 2.142802547563112548e-03 5.238854685466865641e-02 1.390584342458322520e-01 3.102524177699655071e-03 1.006634554096392555e-02
