6.893085231041409799e-02 1.381606855852288707e-01 1.381606855852288707e-01 1.427749076125836014e-01 1.214197130701705069e-01 1.072029233836142154e-01 6.383240379917423657e-02 2.577171708081381785e-03 1.180816935742315041e-02
7.124814823271150011e-02 2.548921239527967564e-01 2.548921239527967564e-01 1.444329064841713139e-01 1.124716262523175331e-01 1.289190633240244743e-01 9.535319610205830743e-02 2.094505254666439824e-03 7.477170524423940035e-03
1.107707092793209502e-01 3.326689769050314993e-01 3.326689769050314993e-01 1.803141285025163798e-01 1.611876225601466817e-01 3.197858984500037693e-01 2.809507817793550633e-01 2.134489391989505356e-03 1.013387706335252929e-02
4.654844990692339618e-02 1.190007169399251857e-01 1.190007169399251857e-01 1.254907332900903616e-01 5.853679718885002742e-02 9.304491913940451941e-02 5.929171339819463288e-02 1.526484913935815526e-03 5.175322848122430354e-03
3.005591474534911878e-02 1.241723102513082044e-01 1.241723102513082044e-01 1.049373751098027913e-01 1.035751772335787024e-01 6.797789751639067568e-02 9.787555474182273174e-02 5.114258731349266953e-04 2.455171231771498177e-03
4.632452460749736552e-03 3.083084245828604866e-02 3.083084245828604866e-02 1.310889771876941612e-01 9.894947736771129987e-02 3.423658824950796820e-02 1.332881510824886033e-02 2.441832661316040349e-04 8.356257272819741155e-04
3.429495762079830083e-03 1.398055045990891782e-02 1.398055045990891782e-02 2.185301773640218326e-01 1.733921571826916863e-01 2.058161781769146659e-01 4.281904114612811868e-02 1.419866736306252448e-04 3.286697341352264263e-04
4.565462968127841081e-03 4.561424589447870409e-02 4.561424589447870409e-02 1.405080142889656158e-01 9.795096024747741714e-02 5.567153798621611582e-02 5.367282267736548339e-03 6.640470309084209441e-05 2.891633861456484930e-04
4.500189877023994672e-02 1.572593049555201239e-01 1.572593049555201239e-01 1.807423324512285601e-01 8.894480716009210697e-02 1.177349519726206828e-01 6.042776859016154439e-02 2.161266973058416623e-03 7.846290820052783180e-03
1.020183003101453184e-01 3.871561359043627082e-01 3.871561359043627082e-01 1.741537009656136392e-01 1.589887937339278245e-01 3.530470303250215491e-01 3.265319935654878991e-01 2.685232036929989519e-03 7.033837675025521839e-03
