3.034081042522704941e-01 7.638569162921965416e-01 7.638567477222086843e-01 6.591039825396773910e-01 2.421318273959697231e-01 1.406624315164372696e+00 1.126747432772984725e+00 9.398930993849985427e-01 1.001375978239859910e+00
2.357511664679254881e-01 6.784856789169162461e-01 6.784850168847610385e-01 4.572237041553164349e-01 1.738898649474890090e-01 1.402738337894865683e+00 1.072309803118986382e+00 9.125652449925737431e-01 9.672462760548713456e-01
2.591196500801781211e-01 6.934266952813765705e-01 6.934260163764988105e-01 5.161894711376410205e-01 1.808902994649699281e-01 1.411463442567168158e+00 1.132939768157170013e+00 9.486875863301941214e-01 1.012233656615932231e+00
2.133560987688153943e-01 6.215318734707163673e-01 6.215305799537593767e-01 4.759969468224940492e-01 1.790555083133049674e-01 1.410405987027840258e+00 1.129265654210315439e+00 9.660667970977554475e-01 1.029417352504647276e+00
2.688210898621773426e-01 6.390563354184550793e-01 6.390541922208029524e-01 5.378137035473328220e-01 2.458621571848488008e-01 1.406198327184147168e+00 1.087672955093984761e+00 9.033203666086576655e-01 9.813726532291591198e-01
2.533514300212003079e-01 6.531268470658464498e-01 6.531254546506304326e-01 4.701538254059997590e-01 1.702994312234503149e-01 1.406952100041979126e+00 1.053411572592901857e+00 9.225568366304163215e-01 9.797156101084064650e-01
2.183160545202288694e-01 5.912330038018233092e-01 5.912308955270184629e-01 5.124229503173945988e-01 1.885710362892829561e-01 1.404616943438940835e+00 1.073818981469565115e+00 9.488356440223433275e-01 9.862264688437185622e-01
2.064540284069302234e-01 6.355345978767479309e-01 6.355331655541279767e-01 4.990338007123744091e-01 1.628027264621025039e-01 1.405615830695192470e+00 1.087068361399681216e+00 9.884834456951903103e-01 1.002614520994861813e+00
2.490468590385934433e-01 6.696504215909214741e-01 6.696492660023963817e-01 5.871035451729601506e-01 1.910416722117032340e-01 1.403475059188581398e+00 1.085262442826142593e+00 9.348292701636279345e-01 9.720390806775528469e-01
2.563430116816646231e-01 6.836714722376363573e-01 6.836704354036583497e-01 5.574144703686697566e-01 1.740216403238246945e-01 1.410857282406830837e+00 1.153075898373706165e+00 1.031273769970630028e+00 1.091597674581462840e+00
