1.642228650334084938e-01 4.730188172536248792e-01 4.730173558923054244e-01 9.166345650515052800e-07 4.948539863342283490e-02 1.410343694087819344e+00 1.133423868313127247e+00 1.031246271418670091e+00 1.037775867227155757e+00
1.829922266794090646e-01 4.727295681377510217e-01 4.727287750101379915e-01 8.338303303571136189e-07 4.909586663728512934e-02 1.412917298502240904e+00 1.177364967773336657e+00 1.078169221052868609e+00 1.113097894976051938e+00
1.784840650680765417e-01 5.110021602771916971e-01 5.110013465426938017e-01 8.511306142098666825e-07 5.024149485789512065e-02 1.408744654655019968e+00 1.082652243989343788e+00 9.488689318959306895e-01 9.709312972811557918e-01
1.856138847523642887e-01 4.692550827018380777e-01 4.692534373229187983e-01 9.060453980073218841e-07 4.426551813608067126e-02 1.407669688072751724e+00 1.093212496622620655e+00 9.415109177762485126e-01 9.848693804079639014e-01
1.613106239254500363e-01 4.171656985851596167e-01 4.171643416574152829e-01 6.645015120919517065e-07 3.799178891799077917e-02 1.412345546965669607e+00 1.099896715450224161e+00 9.850083532048018453e-01 1.014181161412818888e+00
1.465918734911382804e-01 4.089474004449871192e-01 4.089458824453784946e-01 8.162863810053460090e-07 3.854928225701054895e-02 1.412873419867645364e+00 1.160740540306956170e+00 1.032752115483439592e+00 1.080203929762971082e+00
1.772943781887038883e-01 4.432817477078132007e-01 4.432805451794361029e-01 8.810563682865486352e-07 4.768767899409484534e-02 1.409002930045081259e+00 1.069689182829892671e+00 9.289167689415146478e-01 9.660686239124054442e-01
1.794495026986710207e-01 5.164125498822251803e-01 5.164112104208803400e-01 8.761510240801032467e-07 5.055979701686918321e-02 1.411888807174236815e+00 1.195365678157175759e+00 1.012359474073272869e+00 1.072759857358819735e+00
1.865309013189344334e-01 4.620133495066509610e-01 4.620122600839756677e-01 8.548054993482452023e-07 4.232391058788320670e-02 1.411528354585621869e+00 1.152420018475309060e+00 9.838733553724720027e-01 1.026941729426220640e+00
1.554464035099667463e-01 4.205367129290235595e-01 4.205347175316618835e-01 6.628678532321022738e-07 3.544860518996677257e-02 1.409001542240964744e+00 1.112840582774334175e+00 9.858895814931152302e-01 1.022959568593077462e+00
