4.239809025585907637e-02 6.106727002439809038e-01 6.103372916578183593e-01 1.589583362524822796e+00 9.995378135337411596e-01 9.996933222291249921e-01
4.614391373206309932e-02 6.274472348195085925e-01 6.271439322659336790e-01 1.573919645555602598e+00 1.000078641592651030e+00 1.000090663269592062e+00
3.900567127163513670e-02 6.248106244061601977e-01 6.244974101289171298e-01 1.632270085931696091e+00 9.996068136846715246e-01 9.991451664514634512e-01
4.629955015377817951e-02 6.198352869969683265e-01 6.195031788567968434e-01 1.537798854661968084e+00 9.995057673054580372e-01 9.999713896126877222e-01
4.174655120169899064e-02 6.195504235589407438e-01 6.192020130384805476e-01 1.600059690876064478e+00 9.997743897316746509e-01 1.000548885791905374e+00
4.076778856047050953e-02 6.127530651682333573e-01 6.124176063523947278e-01 1.617626769748821802e+00 9.998159830698509776e-01 1.000249797832186927e+00
3.960247131470959192e-02 6.011492888189373662e-01 6.007853948403945044e-01 1.590656423190538904e+00 9.995033078268628079e-01 9.996435957277981510e-01
4.268962021825029041e-02 6.444260174454810031e-01 6.440818672173718173e-01 1.657207667193390854e+00 9.997668756471880247e-01 1.000703763417115200e+00
4.810471305095995881e-02 6.455968119352646362e-01 6.453037003323759402e-01 1.592947198272376408e+00 9.995134890566280683e-01 9.998275672563008420e-01
4.397899370860557794e-02 6.008980952829731104e-01 6.005493524147627049e-01 1.620282165406274455e+00 9.994522816929118925e-01 9.996678371947138597e-01
3.851591964497482617e-02 5.936299043386986662e-01 5.933272142427288287e-01 1.622897048170853340e+00 9.994505309344282606e-01 9.999141188737622477e-01
4.556099030510045444e-02 6.275724374492736013e-01 6.272272513404614225e-01 1.708040034052536349e+00 9.998914840844622676e-01 1.001034427339917654e+00
4.602642537149454621e-02 5.888547288549215164e-01 5.885583382071295500e-01 1.635750391430510930e+00 9.996247458172001776e-01 9.993121839078549229e-01
4.233255944410196231e-02 6.033542199873732637e-01 6.030618689142095423e-01 1.593330680100862429e+00 9.997959482484702898e-01 1.000389492695677340e+00
3.850334168769482118e-02 6.145332854884891782e-01 6.141819008946011182e-01 1.608552296992705521e+00 9.996397805636900724e-01 9.996511356091782874e-01
4.184205070387464476e-02 5.789674441179931685e-01 5.786843790945790378e-01 1.636660044116956314e+00 9.998064773987641596e-01 1.000473326252752315e+00
4.655300901670771097e-02 6.362252766223487344e-01 6.359013100345589642e-01 1.657504265111531705e+00 9.998628285341599753e-01 1.000535825477152363e+00
4.333368465151112708e-02 5.770174060330379717e-01 5.766995736242007675e-01 1.516031191188942584e+00 9.997536379982926436e-01 1.000195180749767321e+00
4.188300876852513871e-02 5.978998591389561579e-01 5.975888504773860799e-01 1.652601440319960702e+00 9.998009624157259134e-01 1.000366679447022733e+00
3.993649114812197753e-02 6.021922405685978807e-01 6.018881620270662980e-01 1.622642728594271277e+00 9.993964950510710876e-01 9.992100029074473255e-01
4.082025869913468580e-02 6.180442363135106865e-01 6.177216378326911839e-01 1.581977536675438278e+00 9.996346106908167162e-01 1.000262257812344124e+00
4.324924645335129214e-02 5.956601527728592194e-01 5.953671405790545990e-01 1.655306414439307927e+00 9.997313876740802074e-01 1.000578739182873322e+00
4.545775096406215465e-02 5.973687290059813693e-01 5.970758821201959110e-01 1.641547405657427516e+00 9.996687430949550146e-01 9.996764921224017275e-01
4.280374345681017823e-02 6.206249832161316871e-01 6.202449905672546837e-01 1.611817195316979978e+00 9.998332625339744206e-01 1.000026146280200923e+00
4.246778540443570116e-02 5.968759658221706177e-01 5.965406721605308604e-01 1.559315848222873280e+00 9.995655772074543144e-01 1.000273148489847719e+00
4.388938455787767812e-02 5.919892897400828025e-01 5.916558038315087309e-01 1.576038266510164654e+00 9.995516658043038793e-01 1.000646372871174083e+00
4.289886290987404011e-02 5.883586869552880350e-01 5.880204580306712669e-01 1.603569476667591864e+00 9.999090763395179771e-01 9.996399323993501174e-01
4.348420104177600637e-02 6.212325120498930486e-01 6.208759026831505157e-01 1.692723327390563970e+00 9.994957005817799445e-01 1.000415372884975396e+00
4.000360419287821157e-02 6.343317757054203199e-01 6.339822703346953414e-01 1.615868885495486573e+00 9.997705174278221918e-01 9.996380550076735538e-01
4.585671598552976125e-02 6.093674499371423137e-01 6.090265857166844432e-01 1.578137985497894746e+00 9.997639297877904951e-01 1.000441695532844122e+00
