4.294479570844369348e-02 2.258119685605563531e-01 2.244502455462035750e-01 1.666845228808611301e+00 9.975489425417919387e-01 9.998533371607848386e-01
4.802296390278728427e-02 2.378809715603924235e-01 2.365293206278375471e-01 1.726906839602174948e+00 9.969884973585075860e-01 9.989837813016939627e-01
4.482318478103976267e-02 2.377699130556423235e-01 2.362345578272038449e-01 1.584344518329976470e+00 9.977874581826395861e-01 9.997566371331677582e-01
3.982158643817567539e-02 2.194380895855935487e-01 2.184397232538931310e-01 1.804059928685241232e+00 9.969930045185915191e-01 9.997007022936327258e-01
4.248088330090968312e-02 2.272372691378329035e-01 2.260331622483554292e-01 1.725169500825910252e+00 9.968784132301170553e-01 9.991621284776003309e-01
4.089772346849523260e-02 2.373540294168314801e-01 2.359814928654307975e-01 1.616987769871563119e+00 9.979678238313914873e-01 1.000924324052254288e+00
4.744295636597629928e-02 2.398055043559516042e-01 2.382769362211539510e-01 1.750641885970930511e+00 9.975572321551943178e-01 1.001011794151620560e+00
3.853060965827626028e-02 2.152914341256426944e-01 2.140324271666836642e-01 1.611676191893365750e+00 9.975100590291297031e-01 9.994187420533688915e-01
4.625336766895949553e-02 2.232041243606691650e-01 2.224989830911623667e-01 1.735976979054507874e+00 9.975545645750153456e-01 1.000252719906195020e+00
4.263627494419654912e-02 2.259604289723703419e-01 2.249965533388154915e-01 1.662702245382600363e+00 9.975787868211221099e-01 9.996582289983791947e-01
4.614974970938345855e-02 2.356836632966515799e-01 2.344400710160965684e-01 1.685553707693912218e+00 9.975164599228776297e-01 1.000343227972686710e+00
4.212779528949441715e-02 2.360138075702913896e-01 2.347864047183217118e-01 1.647308155435668997e+00 9.973257840026604759e-01 9.997638138017573839e-01
4.060064701207971583e-02 2.293168002070068434e-01 2.281009228560235136e-01 1.630533134218555613e+00 9.974044678253619622e-01 9.993109434488272047e-01
4.560626620662661113e-02 2.292123780386955412e-01 2.278504679168726343e-01 1.686677554967182857e+00 9.980327142793864459e-01 1.000797533283158236e+00
4.572587358258882462e-02 2.361164964231041441e-01 2.347709534138490428e-01 1.595334246079254115e+00 9.970085326177092755e-01 9.987179575628258865e-01
4.263814330125586388e-02 2.222544052742315424e-01 2.209630334392737594e-01 1.608835703324807520e+00 9.972851455316742442e-01 9.991895200609380856e-01
4.152790867702150363e-02 2.245238184451632257e-01 2.233535252244930880e-01 1.705112777181169381e+00 9.967860467291018711e-01 9.990152589578267239e-01
3.848341471317939799e-02 2.309083415221011570e-01 2.292913991729367551e-01 1.703918300633447069e+00 9.971213928533796400e-01 9.990886781470221800e-01
4.350789422940988527e-02 2.277516056704034231e-01 2.263420099622454051e-01 1.672951445447814045e+00 9.975570987821312796e-01 1.000231848007455238e+00
4.310939061966871655e-02 2.217291121050166958e-01 2.203531883580535367e-01 1.683269543678204805e+00 9.974538063015783163e-01 1.000419752840116638e+00
4.454181315623378240e-02 2.312819463094200889e-01 2.297472414077674219e-01 1.665326124364187699e+00 9.974482008381423404e-01 9.996146952319630019e-01
4.516098437829606238e-02 2.345670297564241835e-01 2.331915347471008038e-01 1.651956327045696504e+00 9.972941543263084130e-01 9.995885429177258086e-01
4.238324652173329488e-02 2.318123441251485062e-01 2.304833542970130822e-01 1.592559365310490138e+00 9.976537181869580273e-01 9.989458247586208151e-01
4.449333016769429355e-02 2.245024790430235895e-01 2.233238292344054132e-01 1.470060057547253107e+00 9.976816379518834710e-01 9.989436940030841372e-01
4.150762333299450046e-02 2.258433640949109034e-01 2.245129691832576935e-01 1.709061279513972575e+00 9.979119909573035407e-01 1.000818657724558802e+00
4.511082532726868460e-02 2.254897027146314514e-01 2.242507762275236793e-01 1.652785890677125780e+00 9.976423784176472465e-01 9.999744535487932184e-01
4.039219241279643630e-02 2.288919408062977390e-01 2.275902641615158151e-01 1.582318808367670471e+00 9.971482965041275071e-01 9.988618226770978881e-01
4.265454336860090984e-02 2.168626728718026364e-01 2.156564102438964237e-01 1.651295989277152820e+00 9.976675612334858778e-01 1.000073408411650711e+00
4.433314598936063944e-02 2.402842642375966897e-01 2.388150841361290633e-01 1.729859358749107789e+00 9.979421024344019564e-01 1.001234290944864158e+00
3.794833683848156114e-02 2.217258275431356063e-01 2.203340001784047653e-01 1.655005015291920012e+00 9.974518220666246382e-01 9.994006166724319629e-01
