4.110801420711865384e-02 6.273824982972664444e-01 6.270482915141597502e-01 1.613732272290686387e+00 9.999318442708744481e-01 9.989980963226764432e-01
4.325445334691200433e-02 6.126607477605978680e-01 6.123088986840147241e-01 1.641907465839016034e+00 9.997087130394102239e-01 1.000367774170464852e+00
4.254771881828180863e-02 6.657469087364624727e-01 6.653953498564146862e-01 1.617123579355730811e+00 9.994270256768899019e-01 9.993129733203733878e-01
4.815021929757547919e-02 6.400530861513143988e-01 6.396895787274624601e-01 1.570252442246795166e+00 9.998260182862936940e-01 1.000090333810973453e+00
4.236893854329976811e-02 6.037793036064897922e-01 6.034538325537107673e-01 1.570825324612842078e+00 9.993445318806392086e-01 9.992006493094918174e-01
4.842728908803220489e-02 5.873346646147804551e-01 5.870164366963329661e-01 1.527922094151038301e+00 9.994655994350347683e-01 9.993474431112503442e-01
3.957844891955220046e-02 6.010838290523151661e-01 6.007715053332456367e-01 1.589918827861397821e+00 9.997450197655005644e-01 1.000014464602518194e+00
4.342476445910609800e-02 6.077552983055702907e-01 6.074470698991383255e-01 1.651597766780090293e+00 9.993908277349681235e-01 9.993586143816901579e-01
4.423062601743418809e-02 6.382612868853736465e-01 6.379163031765566760e-01 1.644150224655185788e+00 9.997624281476865660e-01 1.000361122772787104e+00
4.289503058451923229e-02 6.032882422482191975e-01 6.029876014170282295e-01 1.597849643599947189e+00 9.996416683049090812e-01 9.992449860060582667e-01
4.395722040406609826e-02 6.311943868273658387e-01 6.307998331095695521e-01 1.737425344154252205e+00 9.998192876647596927e-01 1.001139881313974023e+00
4.208440031533856873e-02 5.961969155816059240e-01 5.958911197447425145e-01 1.583621404902158414e+00 9.994231275119229707e-01 1.000343717847097524e+00
4.680749188553990497e-02 6.266349446589142280e-01 6.262866369077418893e-01 1.680036121485034117e+00 9.998745194602750574e-01 1.000555877396720916e+00
4.180794351218149185e-02 5.822648293327742364e-01 5.819354681236615923e-01 1.612935028746977917e+00 9.996140574315177663e-01 9.999451221567243753e-01
4.200805107526599941e-02 5.797534034308892137e-01 5.794513137004625447e-01 1.597957442060471855e+00 9.998461730150081106e-01 9.998539374443389249e-01
3.970550392923291594e-02 5.968394392335724108e-01 5.965201298867225388e-01 1.599452882605196358e+00 9.996070813483628470e-01 9.997959739492837672e-01
4.258160765503739981e-02 5.939535305673868670e-01 5.936393550323122437e-01 1.555187997714324810e+00 9.997096318423545069e-01 9.993950191469808120e-01
4.357039011124489575e-02 6.178018160367325651e-01 6.174415958948613614e-01 1.609787907450016098e+00 9.997312195155405590e-01 9.995641943580552136e-01
4.703896271830949188e-02 5.996393247686562233e-01 5.993027118855834834e-01 1.634551605613979053e+00 9.999700182738363585e-01 1.000440885233393917e+00
4.501576570819700723e-02 6.280431813612786796e-01 6.276712313218643091e-01 1.537263544616646938e+00 9.998107761768182389e-01 1.000141498893550862e+00
4.244824222060882002e-02 6.159525005043680057e-01 6.156006675984448950e-01 1.568734647670621429e+00 9.997553308178339648e-01 1.000766964509912427e+00
4.582953429665285322e-02 6.172432681789662423e-01 6.169186678483330466e-01 1.647226103389745733e+00 9.998522219285318480e-01 1.000811929559943803e+00
4.330874481358978206e-02 6.111983645530467690e-01 6.108889470120626441e-01 1.544643923817058173e+00 9.997454038409292476e-01 9.995341726839137575e-01
4.614609311323960433e-02 5.983035212403334802e-01 5.979721772970100213e-01 1.749027969634353585e+00 9.997289307666271663e-01 1.000563057399703304e+00
4.560898034333611684e-02 6.092947699916962945e-01 6.089338125005027136e-01 1.634555700005434042e+00 9.997297072576966093e-01 9.999353360389342527e-01
5.283188010920404631e-02 6.315316828485281198e-01 6.312108304054168118e-01 1.577159325993242822e+00 9.996492644805066163e-01 9.999139415473835557e-01
4.597848520061833394e-02 6.203815146438309558e-01 6.200746912379394571e-01 1.612522759080818879e+00 9.999670866624928989e-01 1.000377821861865968e+00
4.609083344759071221e-02 6.481742407128011640e-01 6.478429626000237196e-01 1.656597849486314056e+00 9.998377062494430145e-01 1.001017775451547909e+00
4.473698023974951449e-02 6.103114745439149891e-01 6.099822684371579706e-01 1.636440555884768555e+00 9.996858636785348473e-01 1.000088586770882637e+00
4.377849781478473923e-02 6.339171973198605148e-01 6.335786742533902061e-01 1.578276870863341674e+00 9.996763638683286990e-01 1.000261728959035867e+00
