2.938927480856544025e-02 4.289323493966145512e-02 4.289552820618525858e-02 1.360750070251807387e+00 1.360276231697519433e+00 1.361227541972555910e+00
3.027589418440142233e-02 4.315971127468008067e-02 4.316434551891686067e-02 1.358014764736291013e+00 1.358409687564165358e+00 1.358978443672816949e+00
3.091151273214979081e-02 3.876902760206586002e-02 3.877064145622538538e-02 1.366725771043947990e+00 1.366690015247693513e+00 1.368404626912880673e+00
2.911061581470673898e-02 3.416545158682761374e-02 3.416728928367974288e-02 1.367007009358765179e+00 1.366541687795961968e+00 1.367702745978343071e+00
2.962492636917885697e-02 3.758108196443299409e-02 3.757785674559973449e-02 1.367025667688275048e+00 1.366567684802731275e+00 1.369860702324690038e+00
2.878182435079423146e-02 3.574053694310700552e-02 3.573350139516766333e-02 1.361951283271694235e+00 1.362274526026951316e+00 1.363900435797412714e+00
3.018857478236232697e-02 4.448503021155598980e-02 4.449555265839155727e-02 1.359665114400192110e+00 1.358422452005689340e+00 1.361736331681310475e+00
3.101170007744746826e-02 3.941792768984803824e-02 3.941365699308223280e-02 1.365338035439308317e+00 1.365133656982150168e+00 1.367288800311907471e+00
3.148340213272701749e-02 3.038831923912364494e-02 3.038725439153248942e-02 1.365201797018826602e+00 1.366065522770730789e+00 1.368202549883291042e+00
3.015715210590628678e-02 4.466527032379639245e-02 4.467396914265842067e-02 1.365309012536856104e+00 1.365526000820640906e+00 1.367376916765693284e+00
3.091977242642503926e-02 4.622974469055009250e-02 4.624219704418231630e-02 1.365084352177428073e+00 1.365714488777552527e+00 1.366999625417874009e+00
3.090647686849599951e-02 4.098557641395851603e-02 4.098541091040116408e-02 1.355504358724507252e+00 1.355597763206132012e+00 1.357987522125970292e+00
2.898134694582431281e-02 3.220394571277269968e-02 3.220437119753121608e-02 1.360219315106800053e+00 1.360649499854330369e+00 1.363984489598318861e+00
2.962868062703231248e-02 4.444756387969584638e-02 4.445157937712028440e-02 1.360569043104621789e+00 1.360693836968852377e+00 1.363139498772627967e+00
2.921648457537194196e-02 3.813533625887347706e-02 3.813972246437704466e-02 1.369683003359399409e+00 1.370315124135424556e+00 1.371709114891933146e+00
2.916594939258461416e-02 4.413440326965961669e-02 4.412472166754515673e-02 1.363061591639128212e+00 1.362447545273681504e+00 1.364944485961280485e+00
3.023447737590956655e-02 4.368515386606335732e-02 4.368113928986222527e-02 1.359567871027547392e+00 1.358720274776128001e+00 1.360737378542302478e+00
2.936229166126612042e-02 4.236510237156043690e-02 4.236887764052930244e-02 1.364751394160257147e+00 1.364755369326912993e+00 1.366130760047330472e+00
2.868736871267716163e-02 3.357429936804066928e-02 3.357569116988901037e-02 1.363720311357174086e+00 1.362762491269961629e+00 1.364008167704819918e+00
3.231526755977691401e-02 3.940629939072488180e-02 3.940738817024553448e-02 1.361917945043894740e+00 1.361302480327205577e+00 1.363971346795865403e+00
3.049338864620650125e-02 4.354826205743560219e-02 4.355178477509179247e-02 1.363799835334960298e+00 1.366209807013682331e+00 1.365719731530012471e+00
3.087887812586780772e-02 4.107468893381674424e-02 4.108017390295097548e-02 1.360986320807646255e+00 1.360064379556857217e+00 1.362966460529756674e+00
3.124306973485575095e-02 4.408320947291077818e-02 4.409158379547210849e-02 1.361913290570597734e+00 1.362130858772486963e+00 1.365986086465866167e+00
2.947667924027870534e-02 3.906892494537085592e-02 3.907086997566371067e-02 1.362725434646969935e+00 1.362144184684791925e+00 1.365600265864262308e+00
2.904126780604937910e-02 4.516254229549859084e-02 4.516232916251307350e-02 1.364641177359078306e+00 1.364524362279651237e+00 1.367048227736920474e+00
3.022587267996999782e-02 3.368528405506091700e-02 3.368601190906035658e-02 1.359188474423251858e+00 1.358162462673004445e+00 1.361177831624106549e+00
3.032614508199178716e-02 3.714766256014597617e-02 3.715075412002312449e-02 1.364600595444644959e+00 1.365924203507235202e+00 1.366802047352515315e+00
2.917141808396071095e-02 3.244864243373687951e-02 3.245037671955711134e-02 1.362531607810106848e+00 1.363307211821415565e+00 1.364852781285733618e+00
3.083298447399962158e-02 3.597075656656862491e-02 3.597414463713922983e-02 1.363850631309529104e+00 1.363189269724916164e+00 1.365295761590636703e+00
3.029053838281123637e-02 4.121523661632031654e-02 4.121189394710322168e-02 1.367217061152905977e+00 1.368022022905023283e+00 1.368118306125088557e+00
