3.918172877366497137e-02 2.296004199877631768e-01 2.294784566453433872e-01 1.664380753004341296e+00 9.971577699585730814e-01 9.994555276843607450e-01
4.186016053155018624e-02 2.336493570888628635e-01 2.335219608698292371e-01 1.712164252081454618e+00 9.968888641994805289e-01 9.990297143979902650e-01
4.506938684315149601e-02 2.292080881115158564e-01 2.290623754566707415e-01 1.702010483892223869e+00 9.977863495624020862e-01 1.000420315242122049e+00
4.062090988738819436e-02 2.310085156367703008e-01 2.308550435710980397e-01 1.660877933881276913e+00 9.977279461370378577e-01 1.000409648425413245e+00
4.119784847686723539e-02 2.235786930560638985e-01 2.234332947382767220e-01 1.745148111161919147e+00 9.977545104599502279e-01 1.000644305812001367e+00
4.213007521521036636e-02 2.301508093156141854e-01 2.299961288386569436e-01 1.648143596811746603e+00 9.973169926080034386e-01 9.992623326216908408e-01
4.242837492968951074e-02 2.287622702862041890e-01 2.286285559514912025e-01 1.624638487914118690e+00 9.968867093961735204e-01 9.992080894156940563e-01
4.555246739554789231e-02 2.294043274605498395e-01 2.292213151653609005e-01 1.786623895301261200e+00 9.975059809431704450e-01 1.000798694466842109e+00
4.566205097533162366e-02 2.259931732146581440e-01 2.258392978276517471e-01 1.686037192742672497e+00 9.976444178771464166e-01 1.000285231175359613e+00
4.218770090497163394e-02 2.315959810138520369e-01 2.314420541230469419e-01 1.713414427018487007e+00 9.976751633343688974e-01 1.000426353437637639e+00
4.397300920473691532e-02 2.336282851516335302e-01 2.335127720972944021e-01 1.680963328983957172e+00 9.976787436501595163e-01 1.000623233287235792e+00
4.531413857239376120e-02 2.332726157134794587e-01 2.331234103162023452e-01 1.765425616401450792e+00 9.965912510665208002e-01 9.990122194456623195e-01
4.181936162308479144e-02 2.215307718125094361e-01 2.214110503437279054e-01 1.388131335612132311e+00 9.971550527415687926e-01 9.980279189809139195e-01
4.307027181016679501e-02 2.337211344609156360e-01 2.335849750808754455e-01 1.689379568589659097e+00 9.971713231533335664e-01 9.995214233048819175e-01
3.915709244540867967e-02 2.321123998167301805e-01 2.319834976608838306e-01 1.664270962215013139e+00 9.981409195088154496e-01 1.001072778424397347e+00
4.245567635419317254e-02 2.349596610234600536e-01 2.347921077183680039e-01 1.693646801687295422e+00 9.972935544544129227e-01 9.998751024413904398e-01
4.211141877810305884e-02 2.309779232424516993e-01 2.308554319650688302e-01 1.676248204718209234e+00 9.969468335858854280e-01 9.990180371008544613e-01
4.262267100868369352e-02 2.282064081594543936e-01 2.280865212315411616e-01 1.577079209891549372e+00 9.975079951694829639e-01 9.996557764533223756e-01
3.918172868356147032e-02 2.197824936659735218e-01 2.196598476651447085e-01 1.574294141638638456e+00 9.973958117389285505e-01 9.992723353276022902e-01
4.689826137202921658e-02 2.300319506800655167e-01 2.298995544502805133e-01 1.794288779127104716e+00 9.971020401569026248e-01 1.000331474557293765e+00
4.237792076498216737e-02 2.272634210729846671e-01 2.271444029980543011e-01 1.707780349151591937e+00 9.976021411358965141e-01 9.998300009131667609e-01
4.440531603258796034e-02 2.403974168053286398e-01 2.402277788052792906e-01 1.629330476744414335e+00 9.971202822302209778e-01 9.990528300811006845e-01
4.446972512769850616e-02 2.370614121386353801e-01 2.369126128989442470e-01 1.680672099360874139e+00 9.973706508163749929e-01 9.996513283860789523e-01
4.046865354118756725e-02 2.262587804393955959e-01 2.261210956485852630e-01 1.592808842511299838e+00 9.973696066764601298e-01 9.990158233082087058e-01
4.219254354597298112e-02 2.338294422351372970e-01 2.337022306273041639e-01 1.649054432313600049e+00 9.974584373736752330e-01 9.998580469327890130e-01
4.323520859923465215e-02 2.221891022231061996e-01 2.220570070551133313e-01 1.705507319124770271e+00 9.969115260158183389e-01 9.991496657645647650e-01
4.340688857200407369e-02 2.254696239687290216e-01 2.253184754181598859e-01 1.660530668239633911e+00 9.976354294970478653e-01 1.000357069178867020e+00
3.847266113520820402e-02 2.254574015508045981e-01 2.253026064753451962e-01 1.775705758751742858e+00 9.974575263415212945e-01 1.000239339902911917e+00
4.246416735346703053e-02 2.300799494489461361e-01 2.299395427064718223e-01 1.736355800910116987e+00 9.973616555844360132e-01 1.000217965142962129e+00
4.286865094150678346e-02 2.316304004951045270e-01 2.314770036694641375e-01 1.709682723039149144e+00 9.978662977546483015e-01 1.000953170093255684e+00
