1.616334719973776257e-01 7.135291556302429672e-02 7.135291556302429672e-02 9.251301495561870154e-04 2.695614978278909526e-03 7.447792125437704969e-02
1.886143773567863224e-01 4.010610179629706812e-02 3.995612988882100980e-02 1.235527279210627428e-03 1.142941900276195355e-02 6.705960446462039259e-02
1.752244043184272571e-01 4.781469597365401586e-02 4.781469597365401586e-02 1.343237176607443026e-03 7.399517497180443937e-03 3.807734364167331825e-02
1.291411887602976205e-01 3.887670996491769670e-02 3.887670996491769670e-02 1.262336802203157604e-03 4.717251614221485735e-03 6.170644471957223431e-02
1.352551981891312594e-01 7.414843608092466787e-02 7.414843608092466787e-02 6.429446087979415322e-04 7.252771702904491427e-03 5.293675911609038720e-02
1.168306742772371870e-01 4.051627399425813264e-02 4.051627399425813264e-02 1.103035427119114422e-03 4.184270744923962275e-03 4.252902890215923964e-02
1.582288556595749518e-01 3.858638665008075341e-02 3.858638665008075341e-02 5.201323762253029460e-04 1.951665099468183470e-03 3.682851320606420065e-02
1.609811585167603143e-01 4.470824702597768485e-02 4.470824702597768485e-02 1.903173500360689271e-03 4.333005847753412625e-03 4.420463618522201682e-02
1.779524676081555012e-01 4.296883111950317718e-02 4.288281930481097765e-02 2.342832999349586144e-03 8.997350933639196649e-03 7.741321401072692732e-02
1.469251393153665486e-01 3.845847302539619900e-02 3.845847302539619900e-02 1.531373892325356119e-03 6.156613177266224285e-03 1.107719564798264611e-01
1.548454050510388313e-01 3.024404686558552699e-02 3.024404686558552699e-02 3.828249111090616889e-03 7.553981291247139664e-03 3.612744083332868061e-02
1.369468919646041893e-01 5.332761566708412587e-02 5.332761566708412587e-02 1.418421681188603142e-03 2.060468798762008554e-03 4.111783507311920355e-02
1.606887589080820411e-01 4.459430345901944232e-02 4.419029543564373386e-02 4.231941888291503202e-03 3.902168223564483028e-03 4.598716586989708144e-02
1.592888937805729543e-01 2.415210261589305699e-02 2.415210261589305699e-02 6.156508969874489737e-04 2.657547580374107835e-03 4.034579868950841780e-02
1.665688981061368146e-01 3.486422664082961670e-02 3.486982078645765176e-02 1.117518712614535377e-03 4.410485516932039288e-03 5.356366654956962875e-02
1.432759904179004007e-01 4.174884613841259307e-02 4.174884613841259307e-02 5.499619885742371888e-04 3.584600000939578129e-03 4.426712816901354902e-02
1.508101563490462094e-01 5.386260152967853321e-02 5.386260152967853321e-02 2.474332914188715708e-03 4.290408212856824943e-03 6.961833217133452101e-02
1.436148147142841669e-01 3.990762312087657582e-02 3.990762312087657582e-02 8.063238695105552026e-04 2.267237861059409609e-03 5.840005890756257145e-02
1.830217855214741340e-01 6.847861430701994434e-02 6.847861430701994434e-02 1.690972817492343572e-03 2.183537303312000234e-03 3.716194696328229546e-02
1.407780730284544091e-01 2.480254605903858128e-02 2.467215752399069817e-02 1.468541459502801984e-03 2.455548812300127007e-03 3.683980823549724143e-02
1.573146192355933948e-01 4.561016547586786013e-02 4.614537221065140304e-02 1.546671422232190080e-03 2.324525335649852559e-03 3.228352698824308448e-02
1.494271286014045297e-01 6.236811053194385446e-02 6.236811053194385446e-02 4.329999779621889790e-03 4.142442239808229350e-03 4.112200385767696142e-02
1.341114842988599676e-01 5.453353885157872366e-02 5.453353885157872366e-02 5.125874128254204014e-03 7.513401488481213225e-03 2.728878569486942740e-01
1.402215042064327011e-01 4.056606597775003903e-02 4.083315877198587934e-02 9.646248549833678215e-03 6.634447777030997619e-03 8.581518400283062453e-01
1.111929767706838906e-01 3.771490620923023673e-02 3.740474444370094076e-02 1.874080705900664934e-03 3.214342976847691085e-03 5.222727042719849111e-02
1.244507207665957599e-01 5.267215220290000915e-02 5.267215220290000915e-02 9.472083561335321172e-04 1.348406164932708677e-03 4.324401383577907571e-02
1.533637895719381361e-01 4.890352853369733799e-02 4.890352853369733799e-02 9.499451350097130441e-04 3.428304069945242814e-03 3.175065305198369880e-02
1.440804945527215664e-01 4.882207229130404447e-02 4.882207229130404447e-02 8.999093926810335835e-04 2.734473582761956165e-03 3.931285414452470595e-02
1.464335045369543342e-01 6.903090073027923212e-02 6.903090073027923212e-02 3.085345313230252687e-03 2.103035176541317650e-03 5.845952066794029428e-02
1.594523567508718542e-01 3.804916740137792575e-02 3.804916740137792575e-02 1.478350816664249050e-03 3.448036067586720318e-03 4.798246924468041463e-02
