1.501814158490887563e-01 2.388453748027619117e-01 2.388453748027619117e-01 1.251386602245509920e-03 6.766733732816722705e-03 4.423335343134628811e-02
1.701738447719965963e-01 2.379233019611011468e-01 2.379233019611011468e-01 9.462784619745221630e-04 8.206871677371305879e-03 3.799983001881731409e-02
1.484738773574342807e-01 1.809868696234225027e-01 1.809868696234225027e-01 1.279685377894413268e-03 8.650363972481709199e-03 2.578466563983104060e-02
1.713782453820776874e-01 1.897177041577731427e-01 1.897177041577731427e-01 1.474617199595289196e-03 4.330226247958559455e-03 4.716472345187068538e-02
1.695384243362060006e-01 1.375030019648727786e-01 1.375030019648727786e-01 4.380695166733390537e-03 2.000012130322462861e-02 4.447919672097858101e-02
1.416803874915632810e-01 2.025100679098864875e-01 2.025100679098864875e-01 2.191541627962596394e-03 1.603067423018766230e-02 3.345641332431378845e-02
1.444333052123088212e-01 2.178519875469018818e-01 2.178519875469018818e-01 1.015238404166351983e-03 9.861011903381520019e-03 5.735332048519355824e-02
1.676050975695574652e-01 1.831844535812796049e-01 1.831844535812796049e-01 1.329704359902813843e-03 8.765879376406658305e-03 3.867403843456686946e-02
1.305783496396831778e-01 2.122542424911007530e-01 2.122542424911007530e-01 9.385742297284513933e-04 5.274231254637324132e-03 4.258258450907526776e-02
1.745327321874272641e-01 2.130030208652609891e-01 2.130030208652609891e-01 2.010165228476533655e-03 6.146946848073832868e-03 4.187640309141109352e-02
1.280238349726934011e-01 1.569726769949860434e-01 1.574473721789102498e-01 2.582831581001732244e-03 6.646338121251666592e-03 4.633951234896260818e-02
1.101005176936703106e-01 1.176069776521443816e-01 1.176069776521443816e-01 8.126881722200413917e-04 4.507256844322442974e-03 3.713777239174058387e-02
1.602814473295639530e-01 1.415012084422323790e-01 1.415012084422323790e-01 7.661750772148743756e-04 6.870266108291610795e-03 4.136276135462512576e-02
1.840250414058060002e-01 2.513347721612270713e-01 2.513347721612270713e-01 8.297695820143840759e-03 7.050575227100040060e-03 6.710488849959521385e-02
1.694864273938371801e-01 1.427106449551013845e-01 1.427106449551013845e-01 6.817194914892113185e-04 5.007608182188194416e-03 3.797709216166923057e-02
1.762700437012389154e-01 1.676954677786534897e-01 1.676954677786534897e-01 6.796623667765965687e-03 5.774529356195820702e-03 4.243555367068378714e-02
1.393143879558119691e-01 2.657210470885124631e-01 2.657210470885124631e-01 4.722460584125838350e-03 3.895529178931145513e-03 3.461434132855997770e-02
1.310665006176358061e-01 1.672489901513231347e-01 1.672489901513231347e-01 3.826813296103684630e-03 5.325253693303323883e-03 3.882717938087400927e-02
1.641720206566457396e-01 1.377185280184972938e-01 1.377185280184972938e-01 6.303115410820627710e-04 6.679270671488197683e-03 4.299910847191192736e-02
1.452957485963279061e-01 1.623524310274203353e-01 1.623524310274203353e-01 2.296693232873785618e-03 1.112068315255647540e-02 3.632924974963927522e-02
1.210481768007750786e-01 1.157358456247193634e-01 1.157358456247193634e-01 5.417385017992043007e-03 3.398073645571341329e-03 2.875736202894399463e-02
1.094593858236304756e-01 1.670589571437711696e-01 1.670589571437711696e-01 5.530786234971061914e-04 7.616110958672976661e-03 3.233872562616198904e-02
1.729400223137263493e-01 2.419869621530289228e-01 2.419869621530289228e-01 6.472330766821793660e-03 5.341158680976108332e-03 6.405108893926066138e-02
1.497482313450887448e-01 2.074568491067098619e-01 2.074568491067098619e-01 2.718380143191162761e-03 1.102191150693568669e-02 4.671446945080025281e-02
1.268079433121987454e-01 1.194633604905519647e-01 1.194633604905519647e-01 8.569534694050853644e-04 8.780662123339177255e-03 3.820266463785244870e-02
1.650203525618516576e-01 1.800336086843805639e-01 1.800336086843805639e-01 4.944264756681046244e-03 9.508752264839125112e-03 4.584262567005884664e-02
1.696655766030810419e-01 1.646106180244715778e-01 1.646106180244715778e-01 7.972065503847221291e-03 4.538224501371939182e-03 3.949140306112478710e-02
1.903088782346039343e-01 1.991457122994390871e-01 1.991457122994390871e-01 1.640907291148804978e-03 7.193660134747511918e-03 3.293158299377835219e-02
2.002745105751142507e-01 2.511526442548255855e-01 2.511526442548255855e-01 9.755838006766699363e-03 5.400734199950519600e-03 4.675992206793504885e-02
1.238701233180267841e-01 1.744304577957248303e-01 1.744304577957248303e-01 1.703773479272568904e-03 1.795603799359452718e-02 5.939014533276396057e-02
