1.751344812643571835e-01 1.659346304360738156e-01 1.659346304360738156e-01 1.958660833890174015e-03 1.001569519176243039e-02 3.747124757720846078e-02
1.713264961643117257e-01 1.979064658264799714e-01 1.979064658264799714e-01 9.401718965559923780e-04 4.924627289959573710e-03 6.595296957994789544e-02
1.368491105598890201e-01 2.007692808417964603e-01 2.007692808417964603e-01 1.541927880927473991e-03 9.522450467073549987e-03 5.271635502247916383e-02
1.687816856346409378e-01 3.206808964417537933e-01 3.205572342214660364e-01 4.049587375468529857e-03 1.087926970185211333e-02 3.976297360320920488e-02
1.260965140810360596e-01 1.797498904773885964e-01 1.797498904773885964e-01 1.091278403895635032e-03 7.448485705621550254e-03 3.557647161346476350e-02
1.458691450041702531e-01 2.037246830147682874e-01 2.037246830147682874e-01 9.619564178825992145e-04 6.413648240341429142e-03 4.496944045229377823e-02
1.503135085591585374e-01 2.282442640922611732e-01 2.282442640922611732e-01 2.998864054373056361e-03 7.076875518680314676e-03 3.862283519861035852e-02
1.160987336737668157e-01 1.313537721331115293e-01 1.313537721331115293e-01 2.984256746268723701e-03 7.801895902128189522e-03 6.718686443875231118e-02
1.529128422423316758e-01 2.813714816242322558e-01 2.813714816242322558e-01 1.048497096419522987e-03 1.367627049027162096e-02 5.319175045546421787e-02
1.827432133404569559e-01 1.442173408773682053e-01 1.442173408773682053e-01 1.646681004292677641e-03 1.727604939444349688e-02 4.325016545843902993e-02
1.296267932953457935e-01 1.865746978141015200e-01 1.865746978141015200e-01 4.251396499179282279e-03 5.744620531989710725e-03 5.836187521483979235e-02
1.489797258041598293e-01 1.824266071472111506e-01 1.824266071472111506e-01 1.395997006002475376e-03 9.768328822903691103e-03 5.755015027559517299e-02
1.748622950080523653e-01 1.107122017962738764e-01 1.107122017962738764e-01 2.132438525213728366e-03 7.698522630880688146e-03 6.275509105560901635e-02
1.835152738604583778e-01 1.641282701953597212e-01 1.641282701953597212e-01 7.692538778229498705e-04 4.893405318680915835e-03 4.036995902296666716e-02
1.643278807310512568e-01 1.606230780698968130e-01 1.606230780698968130e-01 8.701625872237300774e-03 1.163701542341351487e-02 3.336535118897627356e-02
1.375363487958802533e-01 2.335365462736701814e-01 2.335365462736701814e-01 1.042835301189894192e-03 4.643080935184088973e-03 6.254532763207550083e-02
1.331599581516144937e-01 1.506545600035432420e-01 1.506545600035432420e-01 2.630201969139561984e-03 4.307660531361422358e-03 7.023278349697806289e-02
1.117724140671604444e-01 1.131451509837618497e-01 1.131451509837618497e-01 2.571185314601191589e-03 1.415904458039862930e-02 3.377419039090311104e-02
1.302955567624518862e-01 2.345413878631601445e-01 2.345413878631601445e-01 1.971978318734071353e-03 4.151111735920031375e-03 4.186326211365968414e-02
2.008897569115407067e-01 1.838074393115752825e-01 1.838074393115752825e-01 2.323859538372458761e-03 1.026233506903957877e-02 3.892247910663731297e-02
1.331673936913112533e-01 2.436064978215657928e-01 2.436064978215657928e-01 1.526809632461746018e-03 3.248785150821070604e-03 2.367039181314277776e-02
9.604679719201293653e-02 1.292008414434136221e-01 1.292008414434136221e-01 1.247034592780235868e-03 8.463557189904189620e-03 3.724245199967944620e-02
1.446787308933850658e-01 1.931452012204300517e-01 1.923232624147602765e-01 2.109116689071848915e-03 1.424333260064658199e-02 5.944091886271606062e-02
1.706420063564631773e-01 2.480786707404600000e-01 2.480786707404600000e-01 1.175506723328209385e-03 6.162054334919797767e-03 6.464611133605180360e-02
1.453590205705641569e-01 1.570120036275848840e-01 1.570120036275848840e-01 4.390432321305237293e-03 1.173491547585576306e-02 3.314421037560630334e-02
1.501302275760196536e-01 1.829794685848514235e-01 1.829794685848514235e-01 1.246268873065006604e-03 1.306589840014990914e-02 4.762855320753101029e-02
1.564948651455924933e-01 1.357562545466012016e-01 1.357562545466012016e-01 1.696235359681653966e-03 9.114756987352166939e-03 2.985788232453831514e-02
1.108476854027651698e-01 1.249702508559904224e-01 1.249702508559904224e-01 3.338141459135437333e-03 1.634069281715584687e-02 5.220675777037877413e-02
1.121609067010366778e-01 1.742472899489196647e-01 1.742472899489196647e-01 2.840052058234322340e-03 1.290595296250056020e-02 7.906484585848540247e-02
1.255173559034727382e-01 1.972524232544642098e-01 1.972524232544642098e-01 4.599989661964423888e-03 5.153973005374077113e-03 3.430064578833848243e-02
