1.517230593929095317e-01 4.624608915338287302e-02 4.624608915338287302e-02 1.195990679762157878e-03 3.355126016600663928e-03 3.004922518594421721e-02
1.909234630301051561e-01 6.496915858095840546e-02 6.496915858095840546e-02 1.290673025666636345e-03 2.414052626905709500e-03 2.402279285652264909e-02
1.451466416358541123e-01 5.809054874012289232e-02 5.809054874012289232e-02 9.262228736367386726e-04 4.975986966191768904e-03 3.762580389472795772e-02
1.241719434149427537e-01 3.086413180108627322e-02 3.086413180108627322e-02 2.039996370332261468e-03 3.821157289486678058e-03 4.263337332375583683e-02
1.141614094125747714e-01 5.699996896492800363e-02 5.699996896492800363e-02 1.699316235012604624e-03 3.249921240515154467e-03 4.956796740520695577e-02
1.706356202735652139e-01 4.412487769834339685e-02 4.412487769834339685e-02 2.146319205353738619e-03 2.909147741686314743e-03 3.820919785409634256e-02
1.386235925893489485e-01 6.567059586517078051e-02 6.567059586517078051e-02 2.501697367036985649e-03 4.791849834521997448e-03 5.076659233641349356e-02
1.524146100984328789e-01 6.760649719783566602e-02 6.760649719783566602e-02 2.255582630929762328e-03 2.544101661120200687e-03 6.386330732414119415e-02
1.510640594982302354e-01 3.452579893872896599e-02 3.452579893872896599e-02 6.346673860094305831e-04 1.969304691334145593e-03 3.991803061491067811e-02
1.677646364956061620e-01 3.835468994623071615e-02 3.835468994623071615e-02 2.564224438515055795e-03 4.368909187297619935e-03 8.360932438353996243e-02
1.796113657176399425e-01 6.068857913999873427e-02 6.068857913999873427e-02 9.540870427599328031e-04 8.740461244285752801e-03 3.664754917057785888e-02
1.472299870761642482e-01 3.456360797674667973e-02 3.456360797674667973e-02 1.346374473689277481e-03 4.993901481651023995e-03 5.091715767110512741e-02
1.316530827008959015e-01 5.961671729440662371e-02 5.961671729440662371e-02 1.513463477786594798e-02 3.633669058081984930e-03 2.270675906719192838e-01
1.622445078622344050e-01 2.775666792014871639e-02 2.775666792014871639e-02 2.710894930002531733e-03 2.964806266975212722e-03 5.639816994470572137e-02
1.264238317426095159e-01 4.177114381693186607e-02 4.177114381693186607e-02 1.278338833230313913e-03 3.290877931463579223e-03 2.899925491029828675e-02
1.608830850833622983e-01 2.784038378032501621e-02 2.784038378032501621e-02 1.083337205509837852e-03 3.237209919130856067e-03 5.057127024239527202e-02
1.875067238623980836e-01 5.680993527430887313e-02 5.680993527430887313e-02 1.021524566061255811e-03 2.201166389673483645e-03 5.469411653015595481e-02
1.571265200676625895e-01 4.003647921262119130e-02 4.003647921262119130e-02 1.716120627962144972e-03 2.792548211504995541e-03 3.506836340858490719e-02
1.417693921492599318e-01 4.964260973103456348e-02 4.964260973103456348e-02 1.455955388476590402e-03 3.569027604477584530e-03 3.967618206793831204e-02
1.626887516426270552e-01 4.504099293358540534e-02 4.504099293358540534e-02 1.691768237361586944e-03 5.360249868082386446e-03 6.388580498843017541e-02
1.687124807832346973e-01 6.327113387910524023e-02 6.327113387910524023e-02 6.884214142550326623e-04 2.749276942790979551e-03 3.929247274961703007e-02
2.076132840967762072e-01 6.164423856306153193e-02 6.164423856306153193e-02 9.843149511150942575e-04 2.739018912877296073e-03 4.655864161061796375e-02
1.278806524977655346e-01 4.904714494727386437e-02 4.905785992878643892e-02 1.546033319237277064e-03 4.878021563496270224e-03 4.548665166345149807e-02
1.367551355964039816e-01 5.030100957895159569e-02 5.023456989971644693e-02 1.003318789769944760e-03 6.282210191339272429e-03 6.597305104668751974e-02
1.352190156759466300e-01 4.077307724534736527e-02 4.077307724534736527e-02 2.192654787408674331e-03 2.850262004755583622e-03 4.018522268806860170e-02
1.941963157449961841e-01 5.664904299060772447e-02 5.664904299060772447e-02 1.989110009396631573e-03 3.133052953846428377e-03 4.273438462473051758e-02
1.114370239030558901e-01 4.413191679145030827e-02 4.364444044317333793e-02 1.496651357356347523e-03 2.438345561570788751e-03 3.054547677329863542e-02
1.680367174368160299e-01 4.542238823624017430e-02 4.542238823624017430e-02 1.002440025691998284e-03 6.572014194489186195e-03 4.834827732500984049e-02
1.332233244593936661e-01 5.339119839150169994e-02 5.339119839150169994e-02 9.614872770323888013e-04 3.529705422112106288e-03 4.154501326593047772e-02
1.439485618419938107e-01 3.083049020556106676e-02 3.083049020556106676e-02 1.583530032724848532e-03 2.749950300496274268e-03 3.651553279391994700e-02
