1.140326059477010517e-01 2.318312587797710460e-04 2.318312587797710460e-04 8.605068912394360156e-04 4.121911926783907235e-03 6.136194253540338400e-02
1.804551103040039350e-01 7.711093615908305937e-04 7.711093615908305937e-04 3.455657555280481751e-03 4.173327180871489774e-03 3.735085838530664837e-02
1.163456695551020187e-01 7.204636432078701750e-04 7.204636432078701750e-04 6.297856546538116310e-04 2.758693510520097546e-03 2.669464192836901520e-02
1.329751272086533154e-01 3.470725625353529077e-04 3.470725625353529077e-04 1.640347095269230988e-03 4.802289613516995403e-03 3.634437910665985760e-02
1.372344550990231282e-01 8.235827365358861039e-04 8.235827365358861039e-04 1.219861509527867200e-03 2.173842877765098502e-03 4.381972853397746864e-02
1.738123215766839980e-01 8.715104388763062100e-04 8.994623758683703519e-04 1.541265211178846541e-03 6.019898461104709192e-03 4.526067875002843383e-02
1.264712806639981257e-01 5.596244793035780492e-04 5.596244793035780492e-04 1.464678726911603900e-03 2.928924830266014644e-03 4.377374842145018846e-02
1.431692636245966710e-01 7.793813297127567688e-04 7.793813297127567688e-04 1.584258496095617775e-03 3.748081416554367717e-03 6.320122374277768740e-02
1.277068686980535051e-01 7.800448190814512385e-04 7.800448190814512385e-04 1.375050709952261316e-03 1.604049725384601964e-03 4.543800699738164556e-02
1.377958043004709476e-01 6.541078344880547381e-04 6.541078344880547381e-04 1.813443758061956176e-03 5.432296778162728351e-03 5.198752628796197983e-02
1.713345443578980498e-01 5.524440565897876772e-04 5.524440565897876772e-04 6.379232494044654884e-04 3.010303708354945210e-03 2.525259258955494385e-02
1.731305982463884896e-01 7.542925613864457333e-04 7.542925613864457333e-04 1.078363731239836412e-03 3.075881068224650683e-03 4.061026292640805557e-02
1.454676708168393673e-01 5.270540378720456678e-04 5.440064678294822750e-04 1.385564168439435296e-03 2.674136723758976063e-03 4.590440846823330007e-02
1.215490695612186506e-01 6.337705502276097568e-04 6.337705502276097568e-04 1.426589051700600207e-03 6.334393502653407407e-03 4.022147217041222717e-02
1.365125825883267141e-01 9.201322568274817454e-04 9.201322568274817454e-04 4.833165757492772011e-03 2.436833874517493805e-03 2.847211564485835122e+00
1.958682076851583076e-01 7.945091405301709341e-04 7.945091405301709341e-04 1.080013961609513264e-03 5.240396918749889131e-03 5.417891200150978803e-02
1.614582676724098942e-01 8.327033938029638300e-04 8.327033938029638300e-04 2.332782426790769650e-03 4.162875799487648736e-03 5.416160924570857099e-02
1.580305370713606383e-01 5.349606508327938142e-04 5.349606508327938142e-04 8.823746202540977629e-04 1.750961736980381116e-03 3.741736292110411227e-02
1.777499252387172990e-01 9.256072344726693109e-04 9.256072344726693109e-04 1.162148788894314458e-03 6.147699198964751317e-03 4.320695608971791835e-02
1.235486569587146422e-01 5.086854022659963778e-04 5.086854022659963778e-04 9.023177663722944941e-03 3.977588734624528527e-03 6.293830770556253784e-02
1.439625254452713832e-01 9.467641896115375211e-04 9.467641896115375211e-04 2.359115453777577750e-03 5.498127845598822089e-03 3.695225933825446729e-02
1.942668975719676616e-01 8.820208420334127919e-04 8.781696532624762731e-04 9.523905031889148051e-04 5.537497429950739673e-03 3.664457322087780189e-02
1.378093095776277976e-01 9.377729085615571719e-04 9.377729085615571719e-04 1.086416859432367491e-03 2.137968172214102427e-03 3.616555466926062862e-02
1.516526658514353865e-01 7.612617338351528561e-04 7.612617338351528561e-04 1.719067651050399260e-03 2.808382113331904517e-03 4.802477690191132159e-02
1.286387054010622588e-01 1.234974114328972732e-03 1.234974114328972732e-03 8.922555317994421576e-04 3.349779174544079488e-03 4.342863656544878465e-02
1.547483520457049733e-01 8.786233175127255643e-04 8.786233175127255643e-04 8.878935245018441426e-04 5.145228703265249809e-03 7.306826645759278982e-02
1.245404559525006977e-01 1.008417917187503631e-03 1.008417917187503631e-03 6.446653816673495211e-04 1.730163674370762848e-03 4.424877411855762666e-02
1.374910234141746013e-01 7.422327685664003053e-04 7.422327685664003053e-04 2.380264691525730766e-03 4.948259149626380721e-03 3.533588552964578994e-02
1.712284774439524482e-01 1.402291090888977722e-03 1.402291090888977722e-03 1.598575907817364550e-03 4.623922349769177091e-03 3.763791239536808803e-02
1.781523277058133792e-01 4.536255890200802500e-04 4.536255890200802500e-04 6.653383102934833093e-04 3.116825546148333306e-03 4.913380991992850888e-02
