2.986207229489384885e-02 1.625615128423261724e-01 1.625587357118755127e-01 1.358191814021435739e+00 1.355902511316289250e+00 1.360014561857689319e+00
3.036811103090169064e-02 1.654644370260537622e-01 1.654543345965590884e-01 1.364606649377340775e+00 1.364811833645341865e+00 1.366596464536975919e+00
3.101734674474973877e-02 1.933797846239922180e-01 1.933947792942052601e-01 1.359359851695247645e+00 1.359602524515280519e+00 1.360803121768048518e+00
3.128383030973243273e-02 1.750360312421158637e-01 1.750300851328793761e-01 1.365316189070899355e+00 1.365385988097120862e+00 1.368791751553338987e+00
2.930400811043408493e-02 1.439429147161103151e-01 1.439421688692852641e-01 1.360430222521290311e+00 1.361540682071761266e+00 1.362137238060250111e+00
2.798152649943877121e-02 1.624543749943024307e-01 1.624606080933320984e-01 1.363153363269997032e+00 1.364746228895753033e+00 1.365117731841350546e+00
2.928517599559425991e-02 1.801478905527251761e-01 1.801354148807464417e-01 1.362277199899072366e+00 1.363192043016216104e+00 1.364549230484684683e+00
3.061161493661057609e-02 1.594059507720531899e-01 1.593983224617987193e-01 1.358618965890959762e+00 1.359972535727006937e+00 1.360495015531400620e+00
3.028134423538290931e-02 1.895113865640611905e-01 1.895050627670020749e-01 1.363884583514851423e+00 1.364078416282521689e+00 1.364817701457553545e+00
2.999091800847522929e-02 1.549147507067765439e-01 1.549252495644889149e-01 1.359227408301214801e+00 1.362823980215950304e+00 1.362326413277446635e+00
3.097501403557437541e-02 1.446789510704865611e-01 1.446779812538276921e-01 1.363750241998362922e+00 1.364076794575622253e+00 1.366537137494343801e+00
3.085936774315056752e-02 1.631296493421355576e-01 1.631218190137201096e-01 1.369834022653747096e+00 1.367104244227804521e+00 1.369768366538467452e+00
3.139283156494119403e-02 1.742147590264638835e-01 1.742099146937834409e-01 1.364773136026790734e+00 1.364857568393944343e+00 1.366579545645360882e+00
2.924163220190609605e-02 1.469134176892522570e-01 1.468929955366619911e-01 1.363118311398323845e+00 1.364737500805138559e+00 1.365512244552490984e+00
2.957264271931875355e-02 1.478345770312689822e-01 1.478466964111922743e-01 1.362769065861784590e+00 1.362766692347973985e+00 1.364482413763286717e+00
2.973753562534438635e-02 1.419826265090553541e-01 1.419845737629251980e-01 1.363084056919138698e+00 1.362985942142387108e+00 1.364780225933986069e+00
2.924109167432817000e-02 1.418206014291331918e-01 1.418289855330634175e-01 1.362203701327750593e+00 1.361108140485098872e+00 1.363751254885238628e+00
2.879079680841159505e-02 1.732166656606594080e-01 1.732072464393512590e-01 1.361585300069959592e+00 1.362699356825899377e+00 1.363333692504919537e+00
3.051570118016218303e-02 1.471005353241765234e-01 1.471081330965392231e-01 1.365476331708813440e+00 1.365412314787907144e+00 1.366714887506363052e+00
2.940634674292639042e-02 1.542931625021077002e-01 1.542893516714654023e-01 1.366729350809905430e+00 1.367965609571431651e+00 1.368059013397037171e+00
2.949306511242107132e-02 1.476131105750338179e-01 1.476175543047780758e-01 1.367382760056380819e+00 1.366178831480429068e+00 1.369164381290142396e+00
3.025573961037159032e-02 1.603040647502687321e-01 1.603001998185284716e-01 1.368353202733448404e+00 1.369329501050357445e+00 1.370800777602548814e+00
3.018218885368869481e-02 1.757962855878380526e-01 1.758019002156128718e-01 1.360991930714463782e+00 1.361992078005634488e+00 1.363241287851954864e+00
3.177743075709790060e-02 1.568374438376529401e-01 1.568297766525927894e-01 1.362204757212033268e+00 1.363343074587361148e+00 1.364253352195761826e+00
3.129429605949866217e-02 1.596116143484027361e-01 1.595986194701795868e-01 1.361600819354068292e+00 1.363569938583756969e+00 1.364129682179551217e+00
3.031367819886731513e-02 1.858881114122037659e-01 1.858960424194788796e-01 1.364133251129655333e+00 1.364501809504151453e+00 1.366967097347234317e+00
3.096688664633414495e-02 1.768185550504433601e-01 1.768191858424759677e-01 1.368773671319567509e+00 1.366610218523114817e+00 1.369341885129559788e+00
3.178755996918992272e-02 1.962664713462345389e-01 1.962741285296498994e-01 1.365809279105386631e+00 1.366162691957660158e+00 1.367803801451252577e+00
3.044147136628602354e-02 1.866912159654622316e-01 1.866907572752698474e-01 1.363824578422690115e+00 1.363669569057878173e+00 1.367064775542206512e+00
3.082537649647352010e-02 1.662817489292621187e-01 1.662804319519422536e-01 1.364568452999575854e+00 1.365866612509556210e+00 1.367632814567877997e+00
